15 26 47.112 056 060 065 059 058 056 060 070 015 019 021 021 023 024 024 027 043 048 059 060 060 062 064 074 089 088 098 093 092 092 095 093 062 071 066 071 077 077 077 078 066 075 069 079 087 082 078 079 045 050 046 052 054 052 057 053 048 053 047 055 054 054 057 055 255 255 0 
15 26 47.200 059 060 066 062 057 062 060 068 011 014 013 014 014 019 018 021 037 043 055 060 065 071 067 079 078 082 091 082 081 085 089 090 080 080 082 082 084 084 083 083 059 068 072 079 084 081 075 077 046 057 055 061 061 060 065 060 046 052 049 053 053 050 057 055 255 255 0 
15 26 47.200 060 054 055 055 051 054 055 059 017 022 022 023 023 025 023 026 044 053 068 065 066 075 068 075 094 095 103 096 093 097 100 098 070 073 072 074 074 074 074 078 070 079 077 085 091 088 081 084 052 060 052 061 065 060 062 062 043 048 044 054 057 055 059 055 255 255 0 
15 26 47.297 062 061 062 061 059 065 061 068 016 021 023 023 024 027 024 028 057 057 064 068 066 070 068 072 089 091 099 096 095 098 096 095 076 077 077 079 080 079 079 076 081 085 088 094 098 092 090 089 062 063 062 066 068 064 070 061 045 048 046 052 055 053 056 052 255 255 0 
15 26 47.297 061 055 058 056 054 057 059 063 021 026 025 026 026 029 028 030 065 064 073 073 074 077 075 079 084 087 092 086 088 090 090 090 080 082 081 081 083 084 088 084 077 088 085 089 092 089 088 091 050 058 059 058 062 057 060 062 056 065 063 066 070 067 070 069 255 255 0 
15 26 47.395 083 077 079 075 072 077 074 080 025 027 026 026 023 026 024 026 057 057 064 064 064 068 065 071 096 098 103 100 102 103 101 104 068 070 069 071 072 075 075 076 060 068 067 074 083 081 080 081 040 047 044 051 052 050 054 051 046 051 046 052 054 051 054 051 255 255 0 
15 26 47.395 063 059 059 061 058 060 059 066 012 014 017 018 019 023 022 024 055 053 054 054 054 057 053 059 093 095 107 103 100 098 101 100 074 072 074 077 081 082 081 082 062 065 067 076 085 086 078 080 043 055 054 059 061 060 060 058 044 048 044 049 050 049 050 049 255 255 0 
15 26 47.493 053 046 048 051 050 053 050 059 023 021 020 022 022 024 022 025 051 046 049 059 059 062 063 081 085 090 102 095 092 090 096 087 076 081 080 082 085 083 083 084 070 077 076 079 084 084 078 076 049 051 049 055 054 053 055 052 049 050 045 051 052 052 055 051 255 255 0 
15 26 47.493 075 068 068 068 065 067 065 080 015 016 015 018 018 020 023 026 054 053 060 070 072 071 068 075 089 090 102 095 092 094 092 088 067 067 067 070 071 073 074 078 049 061 059 069 072 070 069 069 028 034 031 036 039 037 036 035 046 051 047 052 055 053 057 053 255 255 0 
15 26 47.589 066 058 061 058 055 057 054 065 010 013 015 017 020 017 016 022 050 048 058 057 057 060 061 068 085 081 098 092 090 089 092 087 067 068 071 072 069 072 075 071 058 067 068 079 079 080 077 074 044 049 044 050 051 048 060 055 046 053 048 058 058 063 067 061 255 255 0 
15 26 47.589 067 058 061 060 059 061 056 062 017 017 026 025 023 022 018 025 039 045 054 069 065 067 062 067 095 096 105 102 100 098 099 095 083 082 081 083 083 082 083 084 062 066 070 073 077 076 078 078 059 061 056 063 063 061 063 060 056 054 051 058 058 060 061 058 255 255 0 
15 26 47.686 053 056 060 056 062 061 061 066 014 022 026 024 028 030 033 035 060 058 069 068 068 069 069 071 090 095 099 095 093 091 091 097 079 081 084 083 083 080 086 084 073 085 084 088 090 093 087 087 072 070 068 073 070 072 074 068 070 067 067 071 069 072 074 070 255 255 0 
15 26 47.686 057 056 070 060 066 060 061 063 015 018 018 017 019 023 022 037 044 054 066 064 073 079 077 086 066 074 081 079 081 085 086 088 081 079 082 084 082 080 083 080 084 084 081 085 085 084 082 084 041 045 053 062 058 058 058 054 068 065 059 065 064 063 068 063 255 255 0 
15 26 47.787 054 058 064 057 058 059 058 062 013 014 012 015 018 018 018 024 051 058 074 069 074 077 073 074 067 077 084 085 085 089 087 091 086 089 090 092 092 092 090 096 082 084 085 088 089 089 088 091 067 064 065 075 076 075 074 075 077 073 071 076 076 076 079 076 255 255 0 
15 26 47.787 053 056 059 057 055 055 057 059 015 020 019 019 017 021 019 024 048 070 078 077 076 076 076 075 080 087 092 089 089 092 089 086 060 066 074 085 085 088 086 087 070 074 077 081 085 088 083 081 065 063 066 071 072 070 070 067 082 075 072 076 081 079 084 081 255 255 0 
15 26 47.905 051 051 060 055 055 054 055 065 011 018 019 018 020 021 021 023 049 053 062 060 059 063 066 079 072 083 091 092 097 101 095 098 075 077 074 074 081 079 083 087 065 076 074 084 085 083 077 078 062 069 068 072 070 072 073 070 082 079 077 079 077 076 080 077 255 255 0 
15 26 47.905 047 053 056 063 060 053 052 063 015 016 019 022 022 024 024 025 043 059 069 078 078 082 085 090 086 091 099 095 089 094 090 094 074 082 085 068 070 073 076 073 065 075 079 081 080 086 085 077 062 056 064 063 071 067 072 068 058 065 070 064 063 053 057 051 255 255 0 
15 26 47.996 039 042 043 046 043 038 044 046 016 016 021 031 037 038 034 035 075 082 090 092 100 090 089 090 076 078 076 077 080 079 087 075 095 097 107 108 100 095 101 093 082 080 084 085 081 097 090 097 052 073 071 072 057 061 071 070 068 057 050 058 052 057 048 057 255 255 0 
15 26 47.996 047 041 050 041 057 050 043 043 022 029 031 023 024 024 026 023 065 073 076 077 070 078 069 078 108 104 109 105 096 094 094 088 086 086 090 089 090 092 086 081 077 084 085 080 081 091 095 085 066 044 049 048 041 050 050 047 059 041 039 041 025 045 047 052 255 255 0 
15 26 48.087 053 043 045 028 055 042 046 042 027 015 017 029 024 026 032 034 043 055 046 056 054 047 040 043 067 069 080 077 077 071 079 079 080 077 088 094 104 105 101 079 062 065 064 073 069 086 074 071 051 054 057 057 060 060 059 052 041 042 042 043 047 039 049 049 255 255 0 
15 26 48.087 060 037 047 044 040 038 051 045 024 026 026 036 033 026 023 025 042 051 049 054 072 069 068 064 095 099 106 094 096 091 102 095 080 096 088 078 074 090 094 092 065 059 049 055 059 051 055 042 049 058 065 066 062 067 065 061 035 019 019 019 014 019 016 012 255 255 0 
15 26 48.181 036 041 044 036 034 057 035 035 027 036 022 028 030 028 034 034 036 033 049 035 035 044 033 048 078 086 085 087 087 092 082 074 122 119 127 093 092 116 109 107 068 066 053 063 068 087 069 073 062 056 050 070 063 051 065 083 026 030 032 032 020 017 022 021 255 255 0 
15 26 48.181 064 075 076 053 075 072 067 065 059 020 024 024 019 051 056 050 019 035 025 030 026 033 040 045 078 071 065 061 059 070 046 059 123 102 108 111 103 104 097 090 063 074 077 078 076 095 083 094 006 005 004 004 013 020 003 008 016 016 008 022 010 041 018 017 255 255 0 
15 26 48.276 003 015 018 016 022 057 003 008 015 011 016 008 041 052 007 010 033 037 036 041 044 073 062 053 063 070 076 071 083 093 111 091 151 138 139 113 107 103 131 115 050 062 060 060 056 082 050 069 003 002 002 002 007 051 001 021 004 003 005 009 024 060 015 026 255 255 0 
15 26 48.276 002 023 016 011 035 039 001 001 023 032 023 037 053 033 027 009 024 045 032 040 052 052 024 038 016 016 036 024 062 054 016 046 167 158 148 140 131 132 139 141 081 083 087 079 092 093 091 096 003 002 008 002 001 002 001 006 007 007 006 007 008 019 013 018 255 255 0 
15 26 48.371 010 004 020 006 010 002 005 005 016 018 033 016 009 007 011 012 063 058 058 062 050 046 053 044 041 045 043 031 062 056 048 065 129 115 125 139 160 139 130 117 071 071 067 060 061 060 074 066 019 025 031 038 053 030 032 026 008 006 029 004 025 005 017 022 255 255 0 
15 26 48.371 003 010 012 007 013 014 017 020 008 009 014 009 008 013 015 014 071 071 054 054 071 078 067 069 079 097 085 089 104 115 118 096 116 109 127 135 126 148 135 122 067 050 074 067 071 061 068 050 024 022 031 035 047 034 040 040 014 051 017 030 025 009 019 029 255 255 0 
15 26 48.469 030 025 042 026 047 029 047 033 025 026 024 018 034 016 014 013 082 094 084 058 053 074 091 082 046 068 047 068 057 059 081 066 146 136 125 130 126 115 119 105 078 084 075 087 092 105 105 101 057 056 056 055 065 044 051 050 038 056 047 051 076 069 072 067 255 255 0 
15 26 48.469 046 040 044 038 052 053 041 039 036 047 050 051 057 055 061 060 055 067 064 061 060 051 066 062 059 061 070 054 054 055 052 090 105 087 099 111 111 100 103 095 052 062 061 070 067 076 070 070 036 044 049 048 056 057 063 066 059 049 049 056 055 067 058 062 255 255 0 
15 26 48.571 056 057 067 061 064 067 072 065 034 027 030 026 037 041 043 035 051 056 051 059 064 055 058 065 078 078 086 078 069 065 076 077 089 076 090 094 088 085 095 096 087 090 092 096 092 091 083 091 036 038 050 060 049 053 067 068 030 026 025 021 035 024 013 008 255 255 0 
15 26 48.571 021 025 022 016 019 016 030 036 019 037 033 030 037 036 041 043 045 061 055 057 071 067 077 064 078 077 085 076 083 083 096 094 082 081 093 097 102 102 099 097 082 081 086 090 087 090 079 069 037 053 052 051 058 060 056 059 009 010 013 017 014 012 014 018 255 255 0 
15 26 48.681 042 034 027 022 025 037 044 048 031 034 032 038 039 036 042 050 040 060 052 047 052 065 075 067 052 069 060 074 092 080 079 073 104 085 097 099 100 101 099 103 085 093 091 105 097 093 104 105 052 066 071 077 076 083 068 075 027 040 049 053 045 043 049 056 255 255 0 
15 26 48.681 048 051 044 044 042 044 043 053 012 012 010 010 013 015 018 016 067 071 073 072 069 067 065 063 110 117 117 109 110 105 097 097 123 122 114 105 108 106 110 108 072 091 089 078 082 090 092 085 022 046 052 055 052 052 056 059 053 056 054 051 061 063 066 071 255 255 0 
15 26 48.769 036 045 040 034 039 039 037 034 004 010 007 008 004 006 012 005 036 044 044 054 056 052 052 050 084 077 077 088 089 085 089 087 090 097 095 090 106 102 097 102 077 089 093 095 092 094 096 101 053 058 064 067 065 065 074 064 025 027 026 025 028 029 031 038 255 255 0 
15 26 48.769 025 034 037 034 035 038 029 050 008 011 008 017 016 016 016 016 057 063 056 046 038 047 052 060 096 078 070 068 072 077 078 087 091 081 086 082 091 085 082 086 075 082 088 097 098 096 097 095 067 067 074 087 070 066 073 072 034 048 048 061 046 053 045 047 255 255 0 
15 26 48.877 026 030 016 017 022 021 022 010 001 001 001 001 001 003 003 023 035 029 027 036 043 044 044 039 094 098 087 097 100 106 087 086 084 088 090 086 083 083 091 081 095 097 100 088 080 103 088 090 033 030 041 040 043 044 029 035 025 028 030 027 033 029 029 042 255 255 0 
15 26 48.877 007 006 003 003 019 003 008 006 017 022 012 011 013 022 021 022 040 051 059 058 059 053 048 046 068 077 069 077 092 087 079 087 112 109 089 100 096 107 104 089 079 093 085 086 079 090 086 086 029 020 035 045 025 020 020 031 029 026 041 042 035 039 040 024 255 255 0 
15 26 48.992 009 006 003 005 004 009 004 008 004 004 008 010 011 009 025 023 039 034 050 056 060 067 056 057 112 103 097 088 082 094 089 094 072 061 065 069 066 070 067 070 088 097 094 097 095 086 081 082 060 048 042 066 058 058 045 049 024 017 021 022 026 018 026 016 255 255 0 
15 26 48.992 028 043 006 010 022 028 015 024 023 028 025 029 028 038 040 044 030 033 028 045 041 042 051 063 097 087 096 094 095 089 089 084 054 048 060 065 063 068 054 066 080 093 081 095 100 090 074 081 036 042 050 048 046 044 050 043 013 016 017 018 016 023 024 022 255 255 0 
15 26 49.090 039 042 033 036 031 037 034 043 050 054 045 054 055 057 048 063 036 042 039 033 039 035 040 037 082 085 097 089 087 105 093 099 066 071 076 082 063 079 066 075 063 074 085 076 073 076 081 080 036 044 036 028 038 034 037 033 030 028 032 030 031 030 035 032 255 255 0 
15 26 49.090 050 054 050 048 059 057 055 059 052 057 052 066 057 066 065 076 049 050 042 052 053 058 054 056 074 072 080 071 066 074 074 073 064 057 063 060 066 064 067 075 058 052 066 059 053 054 060 057 033 021 026 033 031 033 050 040 021 029 027 027 026 026 023 020 255 255 0 
15 26 49.195 080 065 060 062 070 074 078 077 043 057 057 065 064 053 053 062 037 047 038 036 048 059 059 065 083 085 087 086 090 091 087 091 055 074 073 070 072 069 070 076 071 072 080 072 079 074 067 065 036 035 039 036 041 038 041 034 036 040 043 044 044 046 044 037 255 255 0 
15 26 49.195 050 055 051 050 055 059 064 076 054 072 063 069 076 079 083 085 054 050 051 056 063 068 059 069 075 074 079 074 085 087 087 092 066 060 074 075 065 072 064 070 075 065 080 075 075 074 071 075 041 041 042 043 035 037 036 037 029 039 041 044 033 041 044 039 255 255 0 
15 26 49.296 042 050 047 051 060 054 052 062 068 064 065 073 077 077 078 084 051 055 050 061 064 065 060 061 094 075 088 086 081 081 081 076 057 060 062 061 058 058 062 060 058 065 067 065 068 068 077 070 028 026 038 033 036 031 033 032 027 034 036 034 033 031 028 026 255 255 0 
15 26 49.296 036 027 023 018 038 029 021 050 050 065 065 066 067 077 072 072 048 047 057 062 070 070 065 068 084 085 084 087 084 085 087 092 050 053 064 066 062 054 050 049 070 071 076 073 076 068 076 074 029 031 028 030 031 028 035 028 025 027 029 031 026 026 026 027 255 255 0 
15 26 49.394 013 019 019 021 029 035 038 019 045 051 045 060 066 066 070 068 039 048 057 059 046 058 055 066 094 086 083 079 079 083 082 087 061 058 058 063 067 067 057 073 066 075 094 084 067 068 080 076 032 046 043 042 037 035 042 040 024 026 027 024 025 022 021 021 255 255 0 
15 26 49.394 037 030 023 008 036 050 048 050 016 021 013 015 021 018 023 020 046 045 036 029 040 049 068 064 071 080 077 079 063 087 080 091 075 079 072 076 080 075 076 084 051 066 078 071 077 066 072 072 041 047 046 055 062 067 056 053 018 017 021 023 025 030 024 025 255 255 0 
15 26 49.481 004 016 012 010 008 011 008 010 005 009 006 007 007 007 006 010 024 028 029 023 033 030 026 024 084 081 077 097 084 117 089 094 095 098 092 090 090 091 096 096 060 054 055 064 078 066 063 061 018 020 027 025 030 030 025 025 058 058 057 055 056 058 048 053 255 255 0 
15 26 49.481 036 032 045 035 023 021 026 024 021 013 008 007 009 007 009 008 039 057 041 047 045 041 055 052 079 095 082 081 096 101 101 088 102 098 110 107 106 112 099 096 046 050 055 045 059 057 061 065 014 012 013 009 018 028 018 016 047 055 067 060 072 055 064 064 255 255 0 
15 26 49.571 032 029 041 017 016 014 018 019 015 016 011 008 012 010 009 008 032 039 028 033 038 032 036 025 066 072 074 072 075 076 095 085 119 129 125 112 100 110 104 090 048 051 046 064 066 084 082 084 014 013 015 016 013 030 050 047 069 079 064 073 076 069 063 077 255 255 0 
15 26 49.571 019 018 026 019 017 029 016 025 014 013 008 007 006 006 007 005 040 043 045 040 049 046 053 051 055 065 064 062 075 075 086 062 131 115 117 101 106 113 117 092 040 049 045 050 052 061 056 042 041 045 046 049 051 051 051 065 053 062 063 079 083 073 071 076 255 255 0 
15 26 49.676 022 005 015 006 008 007 006 003 009 008 005 004 004 005 005 004 020 029 023 025 028 037 043 029 077 090 073 074 067 075 089 072 111 096 107 106 103 105 104 090 026 032 031 042 048 050 040 038 034 043 048 046 045 048 041 054 045 051 057 049 066 055 053 073 255 255 0 
15 26 49.676 004 002 003 003 002 003 005 005 009 008 005 005 004 004 005 003 020 027 029 031 031 035 037 028 068 079 069 073 072 080 084 072 109 091 107 102 098 097 100 090 028 032 037 044 042 050 041 048 036 043 039 043 046 046 041 055 038 047 047 052 062 051 044 059 255 255 0 
15 26 49.784 003 006 016 004 002 001 002 002 007 006 005 005 004 004 005 004 034 041 035 025 020 026 027 023 084 095 082 077 074 080 080 077 115 100 116 108 105 107 098 096 031 049 049 051 048 053 053 059 007 009 012 012 017 015 017 019 046 058 056 062 066 067 059 075 255 255 0 
15 26 49.784 011 010 011 012 012 012 010 008 008 010 008 006 007 008 007 005 034 045 042 040 040 043 043 042 101 100 097 098 096 100 102 099 112 094 100 098 095 100 108 105 041 058 053 056 059 063 058 064 006 011 011 013 024 023 022 025 046 063 051 058 062 065 070 084 255 255 0 
15 26 49.784 007 012 013 010 013 014 019 017 007 007 005 004 004 004 004 004 027 035 032 032 034 039 044 037 098 083 093 089 085 079 087 081 116 103 116 110 107 103 107 097 053 069 066 073 077 078 067 076 005 007 009 020 020 014 018 013 025 037 035 033 034 033 031 053 255 255 0 
15 26 49.889 016 018 018 013 015 020 020 017 011 009 007 005 006 004 004 004 022 031 028 035 033 035 048 038 102 094 097 079 092 093 097 090 133 128 127 119 110 100 099 100 036 047 048 044 053 052 058 060 008 011 011 012 016 017 019 021 035 053 046 031 035 034 034 043 255 255 0 
15 26 49.889 007 013 008 007 010 013 021 020 010 010 009 005 005 005 005 007 026 023 026 028 027 039 036 040 113 119 122 120 135 137 136 132 099 094 097 102 097 081 079 091 029 036 032 033 038 046 045 042 004 011 008 010 009 014 013 015 020 029 025 029 032 031 032 037 255 255 0 
15 26 49.981 004 006 004 004 004 005 007 009 021 021 017 016 014 017 027 022 024 035 032 038 032 043 043 035 102 109 100 097 104 106 109 103 119 099 103 104 092 111 093 094 045 058 055 062 062 066 062 076 055 056 062 071 047 051 060 061 039 043 037 059 066 054 065 064 255 255 0 
15 26 49.981 006 011 005 006 006 007 010 010 022 025 017 021 020 031 025 029 044 061 050 058 065 068 072 065 077 082 080 080 087 088 100 101 112 108 108 110 096 102 094 098 074 074 079 075 076 071 061 084 030 023 043 026 034 036 029 035 031 050 054 044 059 054 061 048 255 255 0 
15 26 50.086 005 023 013 007 007 008 012 011 026 043 035 034 022 029 038 039 039 062 045 046 047 060 054 062 074 105 083 081 090 087 094 097 088 070 085 083 082 094 090 086 061 062 067 074 065 063 058 079 041 035 043 058 040 047 043 050 039 036 033 036 026 032 037 037 255 255 0 
15 26 50.086 005 007 004 004 005 004 006 009 025 018 019 010 014 014 011 018 021 027 022 020 033 033 028 027 099 104 104 099 117 114 114 117 091 084 088 082 083 093 093 081 057 075 082 067 067 061 056 055 024 022 027 034 026 019 018 018 023 027 033 029 032 029 028 027 255 255 0 
15 26 50.197 033 035 026 012 011 029 029 027 015 019 016 017 015 022 022 026 022 034 030 022 031 031 031 028 077 095 081 093 096 105 104 120 061 063 081 076 065 062 073 063 082 076 082 079 079 078 073 064 044 033 044 039 036 037 032 023 032 032 030 036 033 036 036 031 255 255 0 
15 26 50.197 028 029 025 026 024 033 029 037 027 036 034 036 033 040 034 034 020 025 020 032 032 024 027 033 103 115 107 115 123 117 110 131 063 058 066 076 066 053 059 063 067 069 077 065 065 060 066 052 023 031 026 024 024 030 036 024 036 045 045 036 038 036 048 040 255 255 0 
15 26 50.293 022 030 028 031 035 037 032 031 035 040 041 039 052 052 049 049 032 047 048 047 061 046 052 053 094 096 108 104 107 105 100 118 066 071 079 073 069 069 056 058 072 080 095 084 083 082 081 079 037 044 041 040 035 034 033 033 036 041 045 042 038 038 045 038 255 255 0 
15 26 50.293 048 036 035 041 051 052 045 045 069 051 053 047 045 049 047 051 053 055 055 056 053 065 070 073 096 090 093 104 111 113 118 125 065 050 054 053 055 046 049 050 070 060 082 065 067 063 074 063 027 023 024 024 019 017 019 023 039 038 045 037 032 025 037 034 255 255 0 
15 26 50.402 041 045 049 040 039 026 025 029 054 062 067 074 081 082 065 066 040 042 050 050 050 050 053 053 114 116 108 115 110 127 109 125 043 052 051 054 051 053 044 052 061 071 087 073 081 072 070 074 029 038 037 057 054 042 037 039 040 047 039 044 051 051 056 053 255 255 0 
15 26 50.402 077 072 073 076 081 074 072 076 061 077 072 081 088 099 085 088 044 045 054 055 060 063 053 047 112 116 107 112 116 103 098 097 055 056 050 060 054 047 044 035 053 060 069 066 051 047 042 054 042 040 037 036 034 033 033 028 028 032 034 031 037 036 031 029 255 255 0 
15 26 50.491 046 050 050 061 050 059 051 057 054 068 064 080 075 084 078 088 042 055 058 055 051 052 052 058 092 086 089 087 091 103 096 101 036 044 057 050 050 049 051 054 059 068 067 066 062 050 060 072 059 044 051 064 056 045 053 045 017 029 024 033 025 018 015 021 255 255 0 
15 26 50.491 026 045 035 022 020 029 024 024 048 068 060 070 063 078 074 065 059 059 059 060 068 076 063 068 068 074 085 073 091 082 081 081 052 071 064 070 073 072 063 053 047 050 071 064 064 064 063 065 048 056 045 043 041 034 033 032 017 018 017 018 019 019 024 013 255 255 0 
15 26 50.575 010 014 008 012 010 017 015 020 051 053 044 052 056 055 051 061 077 069 053 063 067 068 074 077 106 097 104 104 108 093 092 100 057 048 061 066 068 068 074 064 071 081 088 096 092 074 081 093 046 036 042 043 033 042 039 039 005 008 010 020 014 009 008 016 255 255 0 
15 26 50.575 030 052 050 042 038 042 040 052 051 050 038 031 037 027 014 028 045 049 041 044 052 049 045 044 067 061 076 071 076 075 084 087 076 082 092 090 107 110 119 087 067 069 055 052 067 053 053 054 041 049 052 047 059 045 035 060 053 030 040 042 043 032 041 043 255 255 0 
15 26 50.668 010 019 019 014 014 012 014 009 025 031 020 021 019 021 019 025 049 047 040 039 048 052 039 046 041 050 055 048 040 063 052 043 135 113 126 127 109 118 113 116 045 038 038 047 056 072 059 064 030 038 029 033 038 026 019 028 066 065 092 095 088 086 085 093 255 255 0 
15 26 50.668 008 013 017 015 032 022 016 016 025 019 014 011 010 010 013 014 043 057 050 053 057 059 068 070 061 093 070 076 079 081 065 043 118 111 105 116 116 116 117 116 034 037 031 038 039 034 036 033 011 025 010 022 032 009 005 006 046 066 058 063 071 070 072 070 255 255 0 
15 26 50.764 011 018 035 014 011 008 017 012 038 050 062 051 052 045 017 016 048 066 064 046 048 053 049 044 052 046 064 048 046 059 056 042 127 113 136 132 125 127 126 115 039 049 035 023 019 032 020 028 005 004 005 004 004 005 008 010 058 068 066 080 079 077 073 092 255 255 0 
15 26 50.764 004 004 007 011 011 011 014 020 021 020 014 012 010 011 012 011 046 057 041 041 047 059 068 067 072 065 079 082 085 072 077 073 137 127 139 120 133 123 125 135 033 046 034 033 044 051 048 054 010 014 010 010 005 004 005 004 027 057 055 054 048 039 040 057 255 255 0 
15 26 50.861 002 003 007 006 004 004 001 002 025 022 019 015 016 018 018 018 059 075 067 051 061 064 067 070 069 073 079 061 066 070 067 059 152 137 143 151 135 132 136 136 046 063 065 058 054 051 046 068 012 012 019 012 016 013 015 014 053 077 077 081 088 075 078 080 255 255 0 
15 26 50.861 004 003 011 003 003 004 002 021 023 022 025 016 015 016 015 016 046 048 044 046 047 050 062 047 072 081 076 075 077 081 088 086 134 128 135 125 116 119 118 119 035 041 030 036 043 039 044 054 041 042 044 056 018 019 037 043 049 066 063 063 065 062 068 075 255 255 0 
15 26 50.957 017 013 007 004 002 003 015 018 016 016 012 010 010 010 012 011 027 035 030 036 035 043 048 046 072 075 081 078 077 079 082 079 144 135 149 140 140 144 144 143 041 051 052 053 072 067 066 072 009 021 020 025 019 021 019 023 045 047 036 036 057 056 061 063 255 255 0 
15 26 50.957 020 026 019 026 024 029 033 032 021 020 016 017 015 016 016 014 035 047 043 046 052 058 063 059 060 074 074 071 072 076 078 076 140 126 136 127 123 122 126 119 050 066 050 057 062 057 060 059 022 025 017 016 012 011 012 009 042 050 045 049 053 052 059 068 255 255 0 
15 26 51.058 006 019 019 011 008 030 030 026 019 022 026 025 026 034 030 025 036 055 054 043 059 062 059 062 072 075 075 071 066 071 080 081 124 108 125 123 130 128 117 116 018 023 034 043 038 044 036 042 018 021 016 016 018 013 022 026 048 052 051 060 065 052 052 053 255 255 0 
15 26 51.058 010 019 021 011 010 014 015 011 019 016 033 009 009 009 009 009 039 045 053 048 052 062 067 058 064 073 077 065 071 079 082 079 120 117 108 123 121 121 114 116 031 051 079 037 051 054 042 052 026 028 068 028 031 036 043 023 045 057 065 032 057 051 067 063 255 255 0 
15 26 51.166 012 013 038 017 014 035 015 013 020 018 020 013 014 016 015 018 039 048 050 045 043 046 044 054 092 086 088 091 097 101 094 082 121 098 105 111 111 117 104 098 039 050 063 058 056 066 057 061 010 010 012 011 015 016 011 010 063 063 074 074 078 078 075 052 255 255 0 
15 26 51.166 009 012 009 011 008 010 012 015 034 052 036 030 040 032 041 054 054 063 045 049 059 063 067 074 067 067 069 057 078 072 070 072 104 108 106 100 093 105 101 102 044 043 046 040 047 051 059 046 016 018 013 018 012 021 020 025 046 037 045 044 038 046 039 046 255 255 0 
15 26 51.263 014 023 015 022 026 021 019 019 023 029 022 020 019 032 034 019 048 066 066 060 066 065 073 073 071 080 079 072 073 074 086 086 080 093 091 106 098 098 098 092 039 056 045 045 042 054 046 050 009 023 018 003 008 008 003 007 025 029 031 032 043 041 040 041 255 255 0 
15 26 51.263 023 023 010 013 017 013 019 018 031 042 043 038 037 039 042 038 040 064 050 050 065 065 066 068 062 084 078 077 094 086 090 082 096 086 091 084 093 086 092 088 068 070 068 083 062 068 071 056 014 022 016 029 030 043 022 024 016 012 007 003 017 020 009 006 255 255 0 
15 26 51.362 010 014 008 011 015 015 017 015 025 026 020 018 019 022 032 031 037 044 030 038 047 066 044 069 071 075 074 080 090 088 094 088 053 054 066 070 075 077 080 079 075 088 081 094 070 074 071 070 069 063 063 047 058 079 058 052 027 028 024 020 026 031 023 033 255 255 0 
15 26 51.362 043 040 038 033 047 044 042 038 028 022 025 020 038 037 041 050 045 056 050 044 049 073 046 047 088 082 093 081 093 098 083 094 030 037 040 042 046 033 038 039 066 052 063 068 057 053 058 067 027 037 038 033 039 039 035 037 025 019 014 014 015 018 013 010 255 255 0 
15 26 51.449 043 025 014 025 040 012 029 037 061 040 041 051 049 049 047 050 093 077 080 084 094 093 089 094 092 093 097 101 104 104 098 102 014 013 013 021 023 030 019 022 063 075 069 088 069 070 073 072 022 029 019 027 024 023 030 030 022 041 032 024 041 028 049 049 255 255 0 
15 26 51.449 056 048 046 037 049 042 039 043 050 047 052 050 060 064 057 054 097 078 092 093 097 101 092 097 093 094 098 104 094 097 108 129 061 068 071 074 057 045 054 053 043 049 053 052 065 048 063 047 036 025 027 046 043 039 042 043 092 090 073 080 077 077 075 079 255 255 0 
15 26 51.543 041 054 050 040 044 054 063 060 059 064 063 056 061 061 065 069 069 081 089 089 091 101 099 089 086 092 109 107 083 089 092 098 040 048 031 032 034 041 024 027 029 038 036 040 045 038 032 050 039 032 040 033 035 039 040 024 107 115 098 106 107 110 116 105 255 255 0 
15 26 51.543 060 044 054 051 048 046 043 046 035 046 053 045 049 052 054 074 075 085 088 089 089 083 091 094 086 088 083 095 080 101 079 083 079 039 023 032 035 033 022 040 022 024 023 039 029 031 052 055 035 023 024 030 027 034 041 044 083 046 037 075 082 095 091 085 255 255 0 
15 26 51.640 048 059 064 072 059 055 062 063 072 079 088 103 096 082 086 082 073 095 083 086 090 092 075 086 090 091 096 108 105 121 119 112 048 035 029 056 043 039 035 043 013 036 036 045 040 047 046 047 042 029 023 034 039 059 054 032 087 078 084 107 088 100 092 097 255 255 0 
15 26 51.640 060 049 066 058 061 059 066 054 058 064 063 078 069 084 075 075 072 076 077 078 075 079 086 088 115 123 120 126 118 118 119 118 039 032 022 020 041 019 030 023 022 030 028 022 019 017 018 028 023 019 022 015 015 016 015 016 092 083 086 085 090 082 079 078 255 255 0 
15 26 51.739 086 083 089 083 083 073 067 060 050 054 040 042 057 054 059 054 065 067 073 066 068 075 072 078 114 093 098 093 100 103 114 107 038 032 043 031 047 024 043 051 022 012 009 013 014 010 009 010 043 038 040 042 032 030 034 033 063 073 071 073 071 085 078 081 255 255 0 
15 26 51.739 067 044 061 066 066 056 056 069 083 070 063 074 087 081 090 077 060 071 068 057 058 058 053 055 066 071 087 078 077 086 083 065 034 032 026 026 034 036 043 049 012 018 015 019 014 019 020 009 040 028 032 042 028 024 032 027 066 028 024 035 065 057 059 058 255 255 0 
15 26 51.836 048 052 059 040 041 045 028 048 079 080 097 070 064 059 061 062 053 058 058 055 052 064 070 060 088 094 087 102 089 110 091 103 055 054 046 031 046 049 056 050 008 013 014 014 012 011 018 017 027 020 030 025 036 031 032 027 045 023 027 029 028 031 025 023 255 255 0 
15 26 51.836 056 050 058 050 040 039 040 042 066 070 066 057 061 074 064 082 060 059 066 060 057 057 061 060 073 083 080 089 089 085 068 071 035 044 046 053 034 049 045 047 010 012 017 021 016 013 018 023 026 027 033 033 035 031 032 027 021 020 017 018 017 019 033 043 255 255 0 
15 26 51.936 051 016 010 015 014 018 018 016 049 064 067 074 083 080 068 079 060 060 064 058 064 070 074 072 075 069 064 067 063 075 093 075 047 062 060 066 073 067 075 067 045 038 044 058 057 072 047 049 047 032 035 039 024 045 034 025 032 011 022 025 009 034 037 027 255 255 0 
15 26 51.936 027 018 010 010 011 015 013 016 040 037 038 056 066 027 038 034 037 043 042 035 044 046 045 039 064 060 047 059 066 055 071 074 093 104 123 119 110 096 113 104 034 045 042 049 043 042 056 052 059 043 029 031 054 031 044 033 011 009 014 022 040 020 021 028 255 255 0 
15 26 52.030 027 027 029 025 023 019 021 023 027 032 030 019 034 019 016 016 053 053 053 052 060 061 056 066 075 083 080 067 081 091 091 086 116 135 125 125 133 146 160 143 054 070 066 058 046 038 048 050 007 010 019 025 016 020 017 031 052 077 061 062 069 066 071 093 255 255 0 
15 26 52.030 014 024 024 033 026 029 025 024 015 019 014 014 011 011 011 012 037 057 052 045 050 060 060 050 062 060 056 055 052 057 061 060 114 100 123 114 108 105 114 107 037 035 032 036 049 042 042 042 005 016 017 015 021 020 026 021 062 077 064 087 070 072 083 073 255 255 0 
15 26 52.127 026 009 023 019 014 010 018 015 025 020 015 011 011 015 015 012 030 044 036 031 028 028 038 036 055 064 063 070 077 082 062 067 109 102 134 115 117 110 107 113 036 048 039 042 059 062 050 056 036 040 029 031 042 032 035 014 052 055 050 067 062 062 078 076 255 255 0 
15 26 52.127 027 004 032 025 002 010 003 015 007 007 007 004 004 012 011 012 033 040 036 032 037 042 073 041 070 077 069 067 064 079 075 083 120 121 126 125 118 114 111 110 050 056 048 044 065 060 071 066 014 014 012 015 017 017 027 021 044 057 051 030 030 038 045 053 255 255 0 
15 26 52.226 005 009 007 009 013 012 016 017 007 007 004 005 004 004 004 005 021 032 021 037 034 035 023 032 071 094 083 083 088 087 086 085 121 115 128 113 116 123 123 127 049 058 053 054 072 077 075 074 038 056 045 046 050 037 036 040 050 048 050 058 059 056 044 050 255 255 0 
15 26 52.226 002 005 005 007 010 019 020 023 032 046 040 041 038 036 030 033 031 040 035 038 029 039 042 046 088 086 075 073 080 088 085 095 120 107 110 116 118 118 113 105 062 080 070 077 082 075 080 083 020 027 025 029 047 050 046 042 046 044 044 047 050 061 048 042 255 255 0 
15 26 52.325 014 033 025 014 009 010 011 024 019 016 010 008 015 005 013 018 028 043 027 042 042 039 042 041 071 094 081 074 087 082 090 093 128 105 120 122 125 111 111 129 061 074 066 062 067 086 073 080 019 023 031 034 034 037 036 048 021 033 037 050 038 045 038 054 255 255 0 
15 26 52.325 015 021 014 020 015 021 022 016 006 005 003 003 004 004 004 004 023 030 022 026 028 036 036 043 064 069 074 078 084 067 073 077 137 135 137 128 130 133 127 139 060 071 072 061 067 074 087 076 022 032 024 035 046 044 045 032 036 042 050 041 044 053 047 047 255 255 0 
15 26 52.422 006 014 004 003 003 006 009 010 015 020 019 009 010 011 013 020 038 046 053 046 052 042 045 047 092 086 086 080 087 082 080 090 082 081 077 079 076 083 084 085 083 090 105 093 099 096 084 080 041 049 053 059 058 043 055 054 028 019 037 031 033 033 026 026 255 255 0 
15 26 52.422 006 009 006 009 008 012 007 009 013 015 009 010 010 014 014 015 033 038 036 028 044 053 044 051 069 087 077 076 082 095 101 086 079 079 073 074 076 069 074 079 076 077 089 084 066 085 075 064 032 034 046 049 041 039 056 054 033 031 031 027 022 025 023 029 255 255 0 
15 26 52.521 011 010 005 006 005 005 005 013 017 020 035 037 048 026 032 038 041 040 045 047 045 043 035 041 080 086 086 073 075 086 095 093 083 085 078 067 076 084 095 074 077 082 079 085 068 087 087 078 021 034 021 017 021 017 016 016 036 031 027 030 034 031 032 032 255 255 0 
15 26 52.521 014 010 018 015 015 018 014 020 035 041 044 050 070 059 046 059 033 032 032 031 034 045 040 038 118 107 098 104 104 109 114 116 077 074 072 074 068 075 089 077 060 072 069 067 077 073 072 069 036 059 036 052 043 055 060 040 045 049 041 043 058 042 040 039 255 255 0 
15 26 52.617 019 018 016 023 024 022 019 029 046 049 062 060 065 066 058 057 049 043 048 043 046 044 044 047 112 113 107 115 112 112 109 120 069 068 074 077 076 072 089 095 064 078 066 066 061 065 057 061 046 040 041 044 045 038 045 042 035 044 053 058 056 051 053 053 255 255 0 
15 26 52.617 042 035 039 038 049 060 051 049 046 048 050 054 045 056 056 056 060 081 065 077 074 083 091 080 110 107 106 104 108 117 107 104 043 058 063 054 060 058 061 064 066 082 083 076 078 076 066 068 042 050 062 063 065 057 061 052 044 053 052 051 062 052 059 056 255 255 0 
15 26 52.715 038 042 034 026 054 066 054 045 033 050 042 055 052 060 068 068 074 088 097 104 099 096 094 098 108 109 100 090 104 105 110 109 058 048 049 044 061 067 070 069 059 063 071 069 062 064 072 066 046 045 038 036 039 035 036 034 052 058 054 057 048 043 045 047 255 255 0 
15 26 52.715 062 049 058 040 057 047 050 050 021 036 034 027 025 024 041 045 093 102 100 104 104 112 110 111 091 090 081 094 095 095 087 073 066 056 056 066 065 065 061 057 052 059 063 066 069 073 072 072 028 034 031 032 023 032 030 030 068 057 047 057 069 056 043 048 255 255 0 
15 26 52.811 054 051 061 058 052 053 052 057 042 048 076 059 050 050 052 062 091 086 103 081 087 085 083 096 084 077 076 076 080 064 065 076 046 050 045 064 043 061 064 059 040 035 032 030 032 041 039 049 032 031 032 031 024 021 019 021 109 103 092 095 103 104 107 097 255 255 0 
15 26 52.811 048 033 045 038 033 042 036 034 058 058 061 059 064 079 080 086 086 080 094 087 096 096 083 091 066 074 091 074 068 079 071 083 013 009 024 029 034 038 037 045 033 036 033 029 034 042 038 043 029 046 042 037 032 028 031 029 080 085 088 094 089 095 093 087 255 255 0 
15 26 52.930 052 057 065 059 064 060 044 043 054 057 060 060 076 082 068 068 075 091 098 101 102 109 108 107 091 082 097 103 105 084 101 103 041 040 048 050 063 065 063 072 046 046 042 047 048 051 051 057 043 038 043 049 051 042 053 058 076 080 066 071 073 067 073 082 255 255 0 
15 26 52.930 042 063 076 067 079 069 063 067 070 076 077 095 091 092 091 096 072 075 084 091 092 088 079 088 058 070 082 088 095 100 101 099 054 054 059 058 062 063 063 062 030 033 046 041 040 040 039 031 035 040 038 041 042 037 044 045 077 089 100 100 090 094 097 101 255 255 0 
15 26 53.018 072 064 058 053 060 068 070 070 058 056 055 060 069 065 066 069 065 055 043 056 061 060 061 065 067 079 079 082 083 082 080 084 035 041 048 044 046 046 040 044 029 033 031 031 030 030 030 030 033 036 039 039 036 038 042 042 081 093 094 098 095 099 095 085 255 255 0 
15 26 53.018 065 057 071 052 054 041 048 042 054 060 076 071 072 071 071 074 059 058 066 053 068 059 063 067 073 074 081 080 080 076 086 083 013 015 026 025 032 033 028 027 027 035 032 036 032 031 031 030 051 054 056 057 046 049 046 044 092 095 080 089 084 085 076 067 255 255 0 
15 26 53.107 052 055 055 071 066 042 083 067 063 063 080 078 096 075 076 086 051 067 050 040 053 052 058 062 078 081 085 082 077 080 082 076 026 027 011 022 023 031 018 012 057 051 064 057 051 049 059 053 033 039 038 036 034 021 022 034 064 049 042 021 059 057 045 043 255 255 0 
15 26 53.107 085 059 075 054 054 051 057 059 090 086 076 089 091 104 089 086 071 074 059 067 064 068 063 057 071 057 080 080 078 086 096 084 030 034 019 029 036 038 017 041 063 048 058 078 068 051 051 048 036 030 030 028 037 033 033 031 033 016 022 034 030 016 029 024 255 255 0 
15 26 53.206 023 025 034 040 028 024 027 024 058 058 062 055 058 044 062 057 027 038 042 039 062 047 052 044 086 102 099 108 104 104 113 101 051 031 031 052 054 053 057 046 058 053 066 073 050 049 061 060 056 060 059 046 041 054 058 074 042 038 009 011 010 012 013 016 255 255 0 
15 26 53.206 035 032 033 032 030 032 049 045 054 057 059 050 054 068 060 064 052 063 056 067 078 075 084 084 051 060 073 060 067 073 069 067 066 072 072 072 073 071 077 089 049 051 039 034 035 028 048 041 041 022 019 010 018 019 026 023 030 040 017 005 039 007 043 044 255 255 0 
15 26 53.299 038 031 036 024 024 027 048 025 025 033 030 028 030 034 035 033 060 067 057 065 052 058 052 058 059 048 037 028 043 049 043 040 086 092 099 110 088 093 102 100 038 054 035 028 036 043 034 034 016 017 020 022 023 017 024 024 028 053 048 063 061 055 058 050 255 255 0 
15 26 53.299 020 017 018 018 018 020 020 019 029 030 023 021 025 020 024 017 039 041 043 046 041 043 064 067 043 053 052 048 052 051 067 064 121 127 146 134 129 138 138 122 035 036 031 038 034 033 038 024 005 005 006 008 009 010 010 010 044 042 052 041 039 036 033 037 255 255 0 
15 26 53.397 011 008 028 017 009 005 007 011 024 028 024 020 021 020 022 022 048 053 052 033 054 054 070 066 024 041 039 037 043 045 046 043 115 119 125 120 122 123 118 120 033 031 038 032 038 050 046 029 014 015 015 013 016 022 017 016 049 039 045 046 043 046 039 037 255 255 0 
15 26 53.397 011 009 005 005 010 006 007 006 031 032 026 033 022 022 019 025 065 062 075 053 058 054 055 079 020 028 029 031 037 039 037 038 135 125 123 140 129 150 133 126 034 034 029 027 029 043 037 043 010 008 017 008 010 011 014 010 012 041 058 056 068 069 074 073 255 255 0 
15 26 53.495 003 003 003 002 002 002 003 024 035 031 037 019 015 020 018 022 045 056 055 045 048 053 068 054 030 041 053 039 045 040 051 041 131 121 127 129 134 128 132 129 048 051 076 055 067 061 062 053 014 021 022 009 008 013 011 021 046 055 051 038 043 035 034 034 255 255 0 
15 26 53.495 029 024 028 021 020 021 023 022 057 070 065 059 059 061 065 062 049 060 060 057 052 052 069 062 049 065 060 058 062 059 065 063 119 119 132 152 151 158 154 153 049 059 051 039 052 062 056 065 050 048 052 056 054 055 063 061 048 048 052 057 056 062 065 061 255 255 0 
15 26 53.594 021 036 042 023 023 029 029 027 023 021 042 017 015 019 028 029 054 059 055 055 049 042 048 045 060 073 073 070 085 078 086 087 131 126 121 135 132 129 132 131 056 061 077 039 045 048 044 050 017 015 016 025 025 026 027 027 048 050 052 024 048 038 046 044 255 255 0 
15 26 53.594 016 010 024 016 023 022 021 029 021 022 020 014 013 013 014 013 055 045 040 048 053 056 057 050 071 061 071 067 063 060 059 067 146 135 135 146 144 141 139 135 045 058 065 058 052 064 065 056 035 028 031 028 033 016 025 018 032 046 038 037 045 052 050 059 255 255 0 
15 26 53.690 005 004 031 020 022 024 015 006 015 015 036 034 010 047 022 019 041 047 050 046 042 044 055 049 075 082 084 095 091 090 090 094 108 100 106 112 109 111 110 111 049 044 080 039 044 053 054 060 010 021 057 034 019 015 020 018 051 065 067 061 065 063 065 068 255 255 0 
15 26 53.690 044 035 029 033 013 014 018 010 031 028 045 020 023 029 027 027 039 060 060 043 047 052 071 077 087 098 092 090 090 083 090 084 113 108 133 115 114 114 115 119 065 051 045 052 051 058 070 068 013 032 026 021 014 023 021 016 025 030 040 039 035 044 038 039 255 255 0 
15 26 53.788 007 014 011 010 010 015 019 015 041 037 027 028 028 040 036 038 040 062 054 045 046 046 048 047 089 087 090 090 095 092 095 097 092 091 100 102 102 103 093 092 054 054 049 052 060 061 054 052 009 015 028 030 028 032 019 032 064 065 078 077 074 077 078 082 255 255 0 
15 26 53.788 012 009 021 010 016 018 020 022 026 026 026 016 017 021 024 021 036 050 050 054 056 060 061 055 071 075 081 079 085 097 089 092 100 095 096 092 095 095 089 082 050 056 057 062 048 050 048 049 008 011 011 029 036 028 019 014 053 062 049 060 070 047 049 055 255 255 0 
15 26 53.903 016 022 018 021 021 015 019 022 020 024 027 030 031 034 041 036 044 069 061 060 060 073 078 074 095 089 096 099 105 110 110 106 087 098 097 096 099 092 096 093 061 077 052 052 052 048 067 059 023 027 020 023 016 019 024 027 068 077 073 075 081 083 077 086 255 255 0 
15 26 53.903 016 021 012 015 016 017 015 020 025 041 038 041 034 031 026 039 035 054 056 052 069 057 066 061 081 086 074 086 092 095 095 092 090 077 089 088 091 089 087 083 050 057 058 052 080 063 058 059 019 020 014 014 012 010 014 027 035 040 048 037 033 038 038 031 255 255 0 
15 26 53.987 010 015 020 016 016 014 018 018 052 038 037 040 037 040 046 047 043 055 048 046 055 058 071 067 073 097 095 087 104 095 108 112 087 083 098 088 079 083 084 081 048 054 057 049 066 061 064 059 031 037 045 027 031 031 021 031 043 051 043 046 046 041 038 037 255 255 0 
15 26 53.987 007 013 008 011 008 009 017 012 028 034 022 018 016 017 027 026 024 030 037 042 035 046 051 047 085 095 085 085 089 080 086 103 107 084 088 089 096 095 103 108 066 066 076 064 067 069 074 054 052 036 044 044 051 047 049 043 010 009 010 011 011 011 014 015 255 255 0 
15 26 54.085 022 022 018 021 024 027 017 031 030 034 029 033 036 042 032 040 047 060 058 059 064 068 058 053 089 086 087 093 100 083 082 094 083 079 075 065 068 082 061 068 063 071 073 068 067 060 050 052 050 052 055 046 046 051 049 051 037 042 038 048 037 036 036 028 255 255 0 
15 26 54.085 032 042 039 031 023 034 027 028 026 029 028 029 027 026 038 032 051 051 054 047 048 054 050 049 088 093 083 089 088 087 092 095 051 061 044 039 042 041 041 039 063 053 063 061 057 051 050 057 077 074 061 057 046 051 056 052 039 035 035 033 036 037 039 041 255 255 0 
15 26 54.177 019 014 007 011 012 014 016 026 054 065 058 052 065 075 078 063 062 069 057 048 067 063 064 054 093 088 088 086 103 092 095 097 055 067 083 064 072 057 063 057 069 073 088 091 091 093 077 073 070 075 070 068 075 077 087 083 047 057 045 042 050 049 046 050 255 255 0 
15 26 54.177 025 034 029 034 029 041 024 052 059 068 067 080 082 082 086 082 094 090 088 096 095 096 104 094 097 104 103 111 104 100 098 104 052 050 047 044 041 056 050 041 059 062 076 073 060 068 071 068 050 058 064 072 070 076 075 056 052 059 045 055 054 051 066 066 255 255 0 
15 26 54.296 056 053 069 056 066 059 054 060 053 053 070 064 066 078 067 072 079 080 086 088 089 102 108 107 099 105 104 104 103 104 101 104 017 022 022 028 038 042 036 028 060 052 055 048 039 037 040 048 046 050 054 063 062 057 062 054 026 034 037 041 041 040 045 033 255 255 0 
15 26 54.296 095 095 085 076 070 070 072 073 042 053 045 043 049 055 052 060 092 097 099 100 097 099 104 101 083 085 088 092 094 097 102 105 028 041 041 042 043 033 035 048 031 039 049 059 052 050 055 057 058 063 068 074 062 070 068 064 040 041 048 051 049 054 052 045 255 255 0 
15 26 54.380 078 070 068 067 071 065 066 069 043 051 057 057 066 063 061 066 086 090 099 097 099 093 091 095 081 088 093 093 096 089 093 088 018 030 038 049 049 052 048 053 054 059 068 068 059 051 050 044 045 049 053 053 050 054 049 047 043 045 041 047 056 077 067 036 255 255 0 
15 26 54.380 066 056 059 059 064 065 060 066 050 063 065 068 072 068 068 070 078 086 088 090 090 092 089 077 076 079 084 076 078 069 075 073 046 045 050 055 050 050 054 047 045 040 040 036 038 046 051 042 044 040 041 049 049 046 043 040 030 041 039 040 038 043 043 045 255 255 0 
15 26 54.475 075 069 071 067 076 081 075 076 061 070 073 075 076 083 083 086 071 080 083 087 086 084 086 085 087 074 070 074 075 070 079 078 038 033 033 036 046 049 043 038 038 042 042 043 043 034 036 038 040 040 045 042 052 049 052 042 059 058 061 067 075 072 061 061 255 255 0 
15 26 54.475 061 059 062 058 052 057 049 059 062 064 065 061 065 064 062 066 071 070 074 074 076 077 083 080 063 067 066 068 073 074 079 080 027 033 032 038 036 059 044 034 046 044 044 038 039 043 037 042 038 048 053 051 054 045 050 047 033 046 033 036 044 047 047 039 255 255 0 
15 26 54.568 067 054 050 048 051 054 046 040 059 060 052 053 060 059 047 056 083 090 102 092 090 075 079 094 066 065 078 078 073 070 082 080 038 040 034 040 040 034 028 038 023 022 018 015 013 011 008 010 041 038 043 043 036 035 048 048 069 086 043 081 061 087 071 049 255 255 0 
15 26 54.568 023 022 034 028 041 034 031 033 028 041 051 048 050 046 044 051 083 079 091 086 094 095 081 083 109 098 094 109 101 114 108 099 026 028 030 042 047 040 044 041 049 035 041 035 040 039 034 050 040 031 038 045 038 039 042 040 065 070 055 062 055 063 064 077 255 255 0 
15 26 54.687 091 062 076 063 069 071 071 065 031 037 030 038 045 043 038 055 079 071 077 075 078 070 071 075 062 075 067 083 073 074 074 072 031 029 023 021 030 023 021 021 007 013 012 007 019 018 016 019 035 033 030 035 030 026 021 017 065 091 075 089 087 085 082 075 255 255 0 
15 26 54.687 089 080 093 065 073 073 066 071 029 043 042 039 044 057 052 041 079 061 078 073 090 073 072 067 061 061 062 068 069 061 064 061 015 020 013 021 014 019 030 032 008 009 013 023 036 021 030 026 026 028 034 041 043 041 056 044 080 092 083 096 085 099 098 100 255 255 0 
15 26 54.801 070 072 079 075 065 059 053 059 024 029 021 015 016 014 016 024 077 067 080 079 072 083 072 074 106 097 106 100 095 081 088 103 057 056 051 062 050 049 053 047 036 049 046 049 029 033 023 030 032 036 034 048 035 043 037 039 034 044 048 057 053 050 053 047 255 255 0 
15 26 54.801 064 056 079 069 069 048 056 060 019 023 028 023 032 033 031 033 078 080 078 076 075 077 075 074 077 090 086 086 085 090 103 092 073 084 078 082 076 077 081 077 026 030 036 034 029 024 021 019 029 028 034 040 033 035 034 037 049 053 062 055 056 060 056 056 255 255 0 
15 26 54.891 056 046 043 036 031 024 024 028 030 038 034 033 040 032 036 037 062 068 072 067 060 069 075 077 070 080 079 074 079 075 078 077 044 043 047 057 050 046 065 051 015 016 019 018 027 028 030 028 031 032 037 032 028 027 028 027 086 084 090 095 091 115 092 092 255 255 0 
15 26 54.891 058 048 054 046 060 039 049 053 040 055 059 050 058 045 048 049 064 057 060 051 055 052 049 054 069 072 076 080 089 068 061 072 020 027 045 029 016 019 011 017 048 042 048 047 041 032 040 033 023 015 021 019 019 021 020 016 076 073 054 063 061 077 067 059 255 255 0 
15 26 54.979 053 051 053 043 052 034 045 045 060 075 069 077 089 087 083 099 060 059 060 059 062 061 051 059 095 084 093 089 097 095 086 097 032 026 028 034 033 037 031 022 032 034 043 041 041 032 035 032 026 027 031 036 030 032 038 024 058 048 045 050 044 043 044 064 255 255 0 
15 26 54.979 045 028 033 040 040 046 034 040 067 065 086 096 089 096 084 094 068 063 066 061 063 065 075 066 072 070 073 071 074 073 081 066 047 041 039 044 045 044 041 027 062 075 068 078 064 065 068 048 033 024 034 032 028 033 024 024 020 051 025 018 024 032 051 022 255 255 0 
15 26 55.075 035 033 028 030 021 027 021 017 076 085 077 070 089 090 091 089 060 063 073 065 065 061 080 071 058 060 071 074 073 068 071 075 035 036 036 035 048 051 039 040 026 038 046 048 051 032 036 038 063 063 076 069 068 068 068 058 018 031 022 020 024 019 027 015 255 255 0 
15 26 55.075 018 019 020 015 017 012 017 019 058 050 063 044 044 045 052 062 058 061 070 053 056 051 067 060 078 066 084 073 059 054 077 076 044 060 051 067 071 069 060 066 063 061 058 062 095 074 075 082 067 072 069 047 036 048 055 063 047 023 044 043 022 016 036 013 255 255 0 
15 26 55.163 029 027 031 035 028 026 033 043 036 029 033 026 026 024 029 031 044 059 056 049 049 051 052 057 054 060 045 055 067 044 035 063 118 113 115 114 125 118 126 120 018 019 030 018 019 018 016 021 004 010 005 002 003 004 004 009 063 069 059 047 042 067 070 092 255 255 0 
15 26 55.163 019 033 010 013 022 022 011 018 033 033 027 025 026 027 024 031 045 058 060 056 081 057 062 057 037 063 059 055 066 069 073 063 136 120 132 144 133 120 125 136 045 049 037 041 045 048 028 027 008 008 009 007 010 010 008 009 055 072 073 066 024 055 043 031 255 255 0 
15 26 55.260 051 044 046 042 056 035 045 047 030 029 035 026 024 058 027 025 042 053 061 056 067 053 057 057 052 072 072 072 073 077 081 079 129 123 134 144 150 139 129 132 029 027 041 029 035 030 035 037 011 009 009 035 045 051 051 031 022 014 016 021 018 010 014 019 255 255 0 
15 26 55.260 048 059 062 064 050 046 033 023 030 034 034 031 034 023 026 025 060 072 061 050 052 055 066 064 046 056 058 060 065 050 060 053 159 160 169 165 163 172 167 161 040 035 035 041 035 039 049 050 032 034 038 040 029 015 029 031 053 020 026 028 041 041 063 049 255 255 0 
15 26 55.359 033 020 018 018 031 027 028 027 034 032 029 023 018 023 019 018 046 054 051 063 057 059 075 071 031 045 049 049 052 058 057 061 123 117 126 125 128 112 121 120 036 042 035 048 053 064 058 060 016 015 022 021 024 027 039 041 051 047 044 048 044 043 044 058 255 255 0 
15 26 55.359 042 020 035 019 022 035 024 023 022 021 014 014 013 012 013 011 041 043 040 040 041 041 043 046 034 046 044 047 061 061 059 067 165 154 155 149 152 145 148 150 058 055 053 075 068 072 064 065 015 009 008 006 005 004 004 005 059 073 067 069 063 070 086 076 255 255 0 
15 26 55.448 015 016 009 015 017 024 013 010 020 020 016 013 011 012 017 015 045 053 048 044 038 034 046 039 038 048 041 049 044 042 049 040 128 118 124 119 119 123 123 114 054 062 066 062 057 065 069 061 024 013 011 010 010 010 010 023 058 059 064 070 078 078 077 074 255 255 0 
15 26 55.448 025 026 016 017 025 019 018 017 016 017 016 014 016 016 016 015 041 049 042 039 048 046 051 048 042 050 050 046 048 051 053 062 125 122 126 127 123 127 128 122 050 050 048 054 067 056 056 060 020 018 038 045 043 037 017 017 047 053 055 056 062 063 059 063 255 255 0 
15 26 55.545 019 011 010 010 012 012 014 011 017 018 010 010 009 012 012 011 038 047 036 042 045 055 056 043 072 068 070 056 062 068 068 063 132 125 130 130 126 122 127 114 043 048 047 044 043 061 058 051 038 033 021 013 026 013 030 024 057 066 066 074 071 066 068 083 255 255 0 
15 26 55.545 007 009 007 006 008 010 009 007 014 012 008 007 007 008 008 007 036 047 041 034 043 048 049 041 063 069 066 063 056 062 061 060 140 125 142 132 127 125 134 128 025 040 036 027 031 043 040 044 027 016 031 034 028 029 029 036 055 060 048 050 062 062 059 077 255 255 0 
15 26 55.643 004 008 020 017 016 019 019 017 026 033 030 024 029 033 036 033 051 064 064 051 049 052 057 062 047 054 070 075 072 072 071 079 131 115 131 136 125 108 109 106 027 035 027 032 058 028 035 035 008 003 008 035 035 027 030 030 053 073 072 066 073 074 073 090 255 255 0 
15 26 55.643 005 010 017 004 011 017 018 015 023 029 019 019 018 027 026 022 038 057 047 049 056 054 062 064 064 081 082 072 090 086 078 075 107 104 116 117 120 124 125 130 038 045 047 050 052 052 056 044 027 025 034 011 030 029 030 007 029 051 023 020 020 044 042 063 255 255 0 
15 26 55.759 023 020 025 022 015 026 019 033 017 024 019 024 015 020 029 030 051 053 055 048 048 051 055 047 069 092 080 093 105 110 096 106 105 090 102 105 104 111 099 095 063 084 078 073 097 071 072 088 019 006 008 020 025 021 015 020 016 021 026 039 029 036 035 043 255 255 0 
15 26 55.759 012 026 013 007 032 039 010 018 010 017 015 012 012 016 024 017 037 051 047 046 062 061 054 054 087 091 087 074 078 088 082 099 114 102 106 106 111 113 118 117 063 078 077 079 093 083 088 077 027 028 037 036 028 025 027 032 011 011 018 030 031 025 021 029 255 255 0 
15 26 55.839 012 018 015 013 017 017 017 017 026 036 025 022 028 028 030 033 052 059 058 058 058 070 074 064 050 067 061 065 073 071 067 061 083 083 102 091 085 101 103 093 051 069 071 071 073 074 065 073 025 042 037 032 027 036 026 020 016 026 036 029 029 027 039 027 255 255 0 
15 26 55.839 016 016 010 013 016 016 017 018 018 018 011 014 026 024 018 022 030 043 029 036 045 038 068 055 077 083 086 072 083 076 087 077 092 105 110 105 106 110 092 089 057 064 070 086 076 075 073 080 019 021 021 023 020 023 024 026 040 037 030 029 031 022 039 027 255 255 0 
15 26 55.934 011 018 013 009 014 014 013 014 024 024 016 022 019 013 017 023 030 049 037 040 040 033 053 043 074 083 062 087 077 088 082 089 117 112 101 093 112 103 106 110 054 069 085 083 076 087 075 083 060 042 046 068 065 051 049 048 045 048 026 045 042 029 027 037 255 255 0 
15 26 55.934 009 008 013 013 013 016 012 010 022 012 006 027 032 031 017 015 029 030 026 039 037 039 036 046 074 083 060 066 067 070 078 080 099 106 098 101 092 093 102 103 061 054 079 070 068 076 074 068 041 040 039 030 037 025 025 035 022 028 022 030 025 025 021 017 255 255 0 
15 26 56.031 006 014 008 007 016 023 019 022 019 024 015 016 020 019 014 033 022 038 030 028 032 038 035 044 091 090 080 081 105 079 096 094 065 069 073 087 086 071 058 071 053 060 070 061 057 061 059 058 042 046 040 041 035 043 038 038 033 038 038 040 035 034 046 041 255 255 0 
15 26 56.031 019 021 021 031 024 028 026 028 055 053 050 043 056 053 036 039 041 035 025 036 047 033 031 032 089 078 106 098 092 095 093 102 088 089 081 079 072 071 081 067 053 064 060 055 062 068 086 085 039 036 030 039 038 042 046 035 072 089 082 081 081 087 085 071 255 255 0 
15 26 56.150 018 024 012 011 015 027 020 023 034 032 036 037 047 046 039 040 071 070 077 077 072 085 086 098 079 084 071 075 074 081 086 086 062 062 082 087 079 075 075 080 055 067 077 073 060 061 077 075 040 046 044 049 048 044 040 039 052 051 049 042 054 061 064 062 255 255 0 
15 26 56.150 031 036 039 042 055 051 055 054 028 034 032 036 039 040 045 049 059 065 072 069 078 078 073 084 112 115 114 110 117 116 111 106 051 066 063 063 054 062 062 060 087 093 090 086 085 073 074 081 061 065 075 068 080 073 083 070 060 048 058 056 049 046 047 051 255 255 0 
15 26 56.255 033 031 030 028 043 041 039 037 033 039 040 040 046 036 037 051 066 062 077 086 085 090 084 089 100 108 116 114 118 117 114 122 045 053 075 070 048 060 058 048 065 068 077 076 073 071 071 073 060 057 061 067 064 072 077 068 071 070 066 074 055 055 070 052 255 255 0 
15 26 56.255 060 049 048 044 056 066 060 058 033 049 056 057 053 053 046 054 055 079 081 084 083 095 094 091 097 108 111 111 120 120 122 129 044 049 048 045 041 040 055 038 032 030 057 058 070 045 065 057 057 061 058 066 042 046 048 051 101 109 093 101 107 095 088 077 255 255 0 
15 26 56.350 092 077 089 095 093 088 079 076 039 052 066 063 060 058 058 062 064 060 064 074 068 057 058 063 094 104 106 110 105 112 115 115 017 023 023 034 024 022 029 026 018 017 019 016 027 024 032 032 036 038 037 027 024 025 029 024 037 065 071 067 088 086 099 097 255 255 0 
15 26 56.350 087 087 071 062 065 063 065 074 053 056 057 057 058 075 065 064 059 073 070 068 065 053 064 059 074 089 089 089 087 093 090 101 013 021 013 017 024 028 029 033 037 030 036 030 031 030 036 042 030 038 048 043 041 056 050 043 057 018 068 080 069 090 078 074 255 255 0 
15 26 56.472 046 034 053 050 043 033 045 041 042 060 057 056 057 053 071 061 071 081 062 078 083 080 088 069 113 112 120 098 105 088 095 092 064 041 031 054 061 048 042 044 061 050 067 062 053 052 053 059 044 033 041 053 049 042 039 046 034 030 023 057 068 061 034 073 255 255 0 
15 26 56.472 024 031 015 029 029 024 023 034 048 053 070 062 059 065 059 054 046 056 062 064 067 064 057 043 073 058 076 070 084 072 067 066 054 069 059 082 072 072 084 069 063 056 062 062 042 071 045 053 055 055 065 065 048 057 069 067 029 020 014 019 016 031 024 015 255 255 0 
15 26 56.472 030 027 043 022 018 018 016 021 030 038 039 032 029 042 036 035 041 072 065 068 071 077 072 082 061 065 076 066 073 076 082 079 087 085 094 089 091 105 095 097 054 056 052 058 062 064 046 050 040 029 040 056 029 036 026 038 021 016 029 031 036 036 061 043 255 255 0 
15 26 56.569 029 035 028 039 025 027 035 026 030 038 035 026 030 031 035 038 040 049 058 062 057 060 063 064 054 074 080 066 084 068 071 067 112 097 118 126 136 135 129 130 047 040 048 055 054 057 050 050 012 022 013 012 009 011 012 009 057 048 071 060 075 062 065 070 255 255 0 
15 26 56.569 032 030 023 028 021 036 022 022 046 039 028 022 022 024 027 021 039 056 047 042 059 059 071 070 035 065 051 050 059 060 059 046 126 107 123 122 128 122 113 113 045 052 035 026 029 042 053 043 013 012 010 011 012 008 010 015 044 028 050 038 033 042 033 044 255 255 0 
15 26 56.687 019 013 018 013 012 008 015 008 041 057 040 019 021 021 021 021 051 054 051 057 051 071 069 057 040 051 054 037 045 038 051 055 107 121 126 117 108 121 122 110 037 049 029 031 038 045 047 047 015 020 018 019 019 026 018 021 035 032 039 032 038 036 031 042 255 255 0 
15 26 56.687 010 009 005 008 011 009 017 015 023 029 020 019 018 023 018 031 039 056 043 048 064 063 073 065 038 057 050 053 058 059 077 072 104 104 116 107 114 111 116 108 035 042 039 039 052 048 043 038 039 049 038 039 045 056 052 051 054 057 063 063 053 058 051 057 255 255 0 
15 26 56.771 006 010 009 013 006 010 009 006 028 029 023 016 024 027 025 027 045 063 066 062 059 070 075 075 041 066 064 065 062 070 075 070 097 104 111 102 098 102 107 109 032 050 056 036 045 042 046 053 023 020 014 015 032 035 023 017 076 063 071 087 083 089 087 079 255 255 0 
15 26 56.771 006 010 008 007 014 018 021 022 015 033 026 021 021 025 028 029 031 051 048 047 050 060 067 063 038 057 046 046 049 045 046 056 091 102 109 105 103 097 099 103 030 040 039 045 047 051 049 048 029 037 037 044 042 048 043 042 058 062 059 070 072 077 070 075 255 255 0 
15 26 56.870 020 027 029 023 023 027 026 025 020 023 016 013 017 019 020 021 042 058 054 052 059 062 068 076 032 046 049 046 050 054 061 062 087 092 103 104 105 101 102 103 033 038 039 050 048 050 051 050 010 010 009 009 009 010 032 031 047 055 053 062 061 065 076 079 255 255 0 
15 26 56.870 015 019 027 022 022 028 029 032 022 029 024 019 019 023 024 025 039 079 083 069 070 079 079 073 018 042 037 047 046 047 040 053 112 102 115 113 112 114 114 110 037 051 044 041 040 046 059 063 031 033 032 036 036 035 033 038 055 066 061 076 067 076 071 074 255 255 0 
15 26 56.966 024 020 013 010 017 018 012 011 019 021 015 013 014 014 015 015 043 059 058 060 057 069 077 079 048 053 058 053 037 043 040 043 106 107 116 110 107 101 101 100 044 060 053 052 065 062 076 077 017 021 024 034 040 046 047 049 068 067 064 072 072 080 081 077 255 255 0 
15 26 56.966 026 028 032 020 022 015 025 027 017 018 015 010 018 011 011 013 034 056 051 044 049 043 055 050 044 061 067 063 045 063 058 049 115 114 119 109 100 100 105 106 040 052 049 054 057 063 064 066 032 039 027 022 037 043 042 028 065 067 068 085 085 070 080 081 255 255 0 
15 26 57.058 026 027 024 014 014 026 026 012 058 072 061 053 053 065 038 053 054 077 070 064 064 071 071 082 072 071 076 074 066 082 086 081 122 118 134 141 134 128 128 132 033 043 037 034 036 033 044 037 025 021 021 016 012 017 025 023 055 046 050 065 069 074 069 065 255 255 0 
15 26 57.058 037 046 037 026 031 030 033 028 041 033 028 027 021 027 029 031 039 053 050 048 054 061 063 072 058 075 072 057 066 070 067 087 125 120 123 129 126 124 117 111 055 038 036 049 033 028 038 034 016 013 021 022 023 016 024 022 052 044 064 055 057 073 064 056 255 255 0 
15 26 57.156 024 022 018 027 036 025 030 025 027 027 023 021 020 023 021 024 050 071 053 056 060 064 077 079 061 070 079 088 084 090 095 093 123 124 128 124 122 120 139 119 048 047 038 040 038 045 054 068 049 042 039 064 061 044 029 040 043 031 040 039 035 039 032 040 255 255 0 
15 26 57.156 021 025 025 021 015 020 018 027 028 033 021 020 020 034 026 025 028 044 044 055 055 062 060 055 089 110 095 101 102 107 110 117 098 096 095 108 096 088 095 096 040 030 039 045 036 027 043 037 008 007 007 023 013 008 011 022 022 031 030 031 028 027 035 041 255 255 0 
15 26 57.256 022 025 025 021 019 015 018 019 026 026 031 026 025 025 023 025 035 052 052 048 053 053 060 055 077 086 079 085 083 093 085 088 105 111 096 103 097 105 105 111 057 045 041 050 052 035 047 057 038 044 051 036 047 038 043 062 022 016 024 025 017 017 027 019 255 255 0 
15 26 57.256 019 024 015 014 015 018 017 023 032 049 027 041 051 055 052 057 061 073 070 064 084 068 066 073 086 089 082 087 094 089 098 087 082 076 085 094 070 082 090 091 033 034 025 040 032 036 037 025 062 056 050 067 077 066 071 070 029 031 025 029 029 022 046 038 255 255 0 
15 26 57.351 040 030 024 025 035 032 034 038 026 030 039 039 045 042 045 056 062 076 071 062 061 056 058 073 088 084 080 089 081 079 083 084 068 073 069 065 088 071 060 073 059 076 071 053 055 063 064 064 073 067 054 073 067 057 061 060 032 036 029 037 031 028 034 034 255 255 0 
15 26 57.351 014 019 037 025 041 052 021 024 033 039 053 058 046 054 057 058 055 062 061 053 066 083 077 077 085 077 099 095 108 093 078 067 053 048 051 049 047 048 054 062 068 072 079 071 066 048 060 064 047 060 057 060 059 053 055 061 051 068 054 065 064 050 058 066 255 255 0 
15 26 57.448 042 032 043 057 054 060 055 061 048 048 048 053 060 064 052 057 091 099 109 105 112 088 100 112 085 080 089 092 099 097 081 076 030 039 035 037 035 023 037 037 019 012 025 018 011 030 015 045 035 043 056 045 026 028 018 036 042 036 069 030 068 079 083 093 255 255 0 
15 26 57.448 069 054 059 064 063 064 051 048 018 015 020 023 022 020 015 015 088 078 100 086 085 091 093 092 064 050 054 062 062 073 081 068 018 023 023 026 037 046 031 022 010 011 015 027 034 021 021 021 028 030 022 025 020 022 025 028 087 104 102 116 099 105 098 086 255 255 0 
15 26 57.544 052 061 064 070 079 050 048 053 012 027 034 016 019 026 027 027 070 061 075 070 084 072 072 083 090 079 093 100 090 079 078 114 021 027 018 018 020 018 016 015 027 023 026 025 004 021 029 022 003 005 010 005 010 007 012 004 093 106 081 095 086 090 077 087 255 255 0 
15 26 57.544 063 061 067 050 060 072 055 058 020 022 027 022 021 026 028 036 065 062 074 069 081 074 063 072 080 081 093 089 091 091 093 100 044 046 052 040 047 041 029 035 012 013 007 012 009 011 012 014 027 004 006 003 003 001 024 003 081 102 082 100 093 099 090 082 255 255 0 
15 26 57.645 076 061 066 049 049 053 055 057 019 022 022 031 036 030 046 037 050 060 069 070 069 062 072 079 061 065 071 073 083 078 085 090 042 048 051 054 050 061 056 056 029 023 012 020 024 022 020 011 000 000 000 000 000 000 000 000 064 081 074 091 077 072 072 065 255 255 0 
15 26 57.645 076 068 079 055 050 043 070 058 021 031 032 035 052 045 044 052 065 081 081 074 080 069 075 084 081 085 104 078 077 074 084 079 095 082 097 091 098 069 058 054 047 042 020 054 040 068 054 042 030 003 027 025 020 010 038 030 063 051 059 071 072 078 057 063 255 255 0 
15 26 57.743 063 054 092 068 065 042 054 058 027 040 042 038 037 034 041 051 035 053 046 058 055 044 052 058 040 047 042 054 044 057 067 048 113 090 079 076 084 077 096 087 035 033 029 027 045 027 042 034 035 012 004 011 005 017 012 016 083 084 086 088 081 105 092 091 255 255 0 
15 26 57.743 052 060 071 060 056 042 054 055 051 084 077 066 070 059 069 073 043 055 055 066 071 057 072 066 058 062 068 058 043 058 064 065 107 082 094 088 083 067 106 100 014 021 017 035 016 017 016 024 025 031 022 020 009 024 019 022 096 097 094 100 084 094 083 086 255 255 0 
15 26 57.869 060 068 078 069 079 066 092 071 050 055 048 074 086 078 081 069 058 035 038 030 053 040 056 040 054 057 059 059 067 062 084 070 108 106 117 098 086 103 094 102 063 064 052 052 056 050 039 015 001 001 023 001 001 001 000 001 044 027 030 026 028 025 045 030 255 255 0 
15 26 57.869 021 008 010 009 010 013 014 010 063 059 041 033 047 037 049 052 053 041 059 043 022 030 051 032 059 038 026 014 034 054 046 061 109 105 098 130 139 151 158 156 084 055 046 041 038 033 034 034 047 003 002 002 003 002 001 002 035 009 012 019 008 009 013 015 255 255 0 
15 26 57.963 005 025 023 003 003 013 029 016 046 064 054 031 028 030 044 051 027 031 023 024 025 034 032 038 047 079 094 089 064 078 054 050 169 170 159 137 142 145 151 157 047 060 040 044 038 054 055 069 011 008 010 019 018 021 013 012 009 017 015 021 022 016 018 027 255 255 0 
15 26 57.963 001 001 001 001 001 001 001 001 023 017 018 017 024 027 010 018 054 063 061 059 052 057 041 059 095 100 079 100 110 104 080 053 152 152 149 151 151 148 150 141 058 061 066 069 065 069 077 078 005 003 014 009 012 007 019 018 014 016 015 033 027 034 040 052 255 255 0 
15 26 58.058 011 006 001 001 039 041 039 048 012 009 006 005 005 004 005 004 024 021 031 035 058 039 038 056 047 057 039 067 070 071 076 076 145 143 143 123 113 114 137 132 059 067 081 083 079 083 073 074 016 018 016 014 020 024 023 023 004 017 034 041 040 042 043 046 255 255 0 
15 26 58.058 044 034 042 044 050 049 040 029 008 006 003 005 004 010 009 006 051 078 078 068 065 071 075 059 097 086 076 070 082 081 087 083 120 124 130 129 123 116 118 110 073 071 073 080 069 073 066 068 009 015 015 016 016 015 017 019 025 028 039 044 040 039 031 040 255 255 0 
15 26 58.150 029 019 018 020 019 019 015 012 009 009 007 010 011 011 008 010 078 062 078 087 091 073 079 082 094 103 096 095 101 087 086 081 116 105 107 123 120 141 133 132 059 069 070 069 067 069 060 069 024 031 040 041 047 047 058 055 011 027 027 031 027 030 024 035 255 255 0 
15 26 58.150 032 032 032 026 029 025 043 042 022 018 015 011 017 015 016 019 082 090 079 077 061 093 090 085 090 076 072 070 071 071 074 077 110 125 137 142 136 129 129 116 053 065 069 069 069 078 091 078 053 051 052 051 058 076 074 078 014 017 024 037 022 021 025 020 255 255 0 
15 26 58.255 098 054 036 025 029 097 061 025 023 026 026 016 032 016 016 018 064 079 078 095 082 094 091 090 090 099 084 106 110 094 111 093 117 118 111 139 130 120 124 119 077 073 069 071 070 076 070 060 037 036 045 044 050 048 076 057 009 017 012 033 025 027 033 036 255 255 0 
15 26 58.255 101 091 089 090 092 092 095 101 049 015 018 010 006 013 012 009 079 066 058 068 072 060 083 083 081 097 098 088 092 100 086 103 083 111 104 087 082 077 099 097 063 058 061 055 055 047 066 071 063 076 073 077 080 078 078 075 016 023 029 027 038 029 027 025 255 255 0 
15 26 58.365 084 072 064 075 074 088 092 089 009 007 005 010 008 006 006 013 065 056 060 060 070 073 063 059 114 105 105 099 112 110 112 107 066 088 077 072 066 072 076 077 055 063 059 059 055 058 060 061 049 055 058 057 072 064 063 061 036 030 034 045 044 033 035 036 255 255 0 
15 26 58.365 061 056 060 053 080 089 088 088 018 021 016 017 016 019 019 020 070 070 080 072 075 075 070 071 092 090 094 091 090 103 107 108 100 095 093 092 089 083 100 099 053 054 050 055 060 051 054 046 062 063 064 072 069 070 061 055 029 025 022 029 026 027 029 035 255 255 0 
15 26 58.464 082 079 083 084 080 085 078 090 005 005 004 007 007 007 006 007 071 072 076 080 067 082 074 075 077 088 083 086 092 088 079 088 045 048 051 061 062 055 055 055 045 052 058 053 060 064 057 060 049 061 061 061 060 061 060 049 009 013 015 020 028 022 048 040 255 255 0 
15 26 58.464 083 071 069 074 068 075 080 082 005 004 003 005 005 007 006 007 065 061 062 064 062 065 064 077 084 088 087 088 092 088 085 093 050 056 055 054 057 060 062 060 055 061 063 067 069 070 065 068 053 061 068 066 070 067 061 059 014 021 022 027 028 032 032 023 255 255 0 
15 26 58.566 095 079 078 072 059 072 066 071 004 003 004 005 005 006 007 007 065 066 062 073 075 079 076 079 085 091 097 096 101 104 105 110 058 059 064 065 068 069 072 077 056 061 070 063 059 066 065 062 060 066 068 082 077 070 062 059 014 028 031 032 033 033 034 036 255 255 0 
15 26 58.566 070 063 071 069 069 070 068 067 008 007 008 007 009 009 007 006 074 074 072 071 073 075 075 081 088 090 089 086 094 095 097 100 054 053 055 054 056 060 065 065 063 066 076 073 071 072 068 066 063 070 074 079 075 075 073 073 014 026 025 027 029 028 030 035 255 255 0 
15 26 58.660 075 075 077 072 073 070 071 070 005 008 006 006 007 006 009 009 063 071 065 064 069 063 068 076 084 092 088 093 096 093 090 092 055 061 063 072 072 071 070 071 054 060 067 056 058 058 058 060 038 051 054 053 052 052 058 056 018 021 021 026 027 035 034 038 255 255 0 
15 26 58.660 084 073 084 080 076 078 079 081 014 013 015 015 019 021 021 026 055 066 066 079 074 084 081 083 082 091 095 095 093 097 102 102 070 070 068 069 069 070 073 075 053 063 066 069 070 074 073 073 055 050 050 056 061 061 056 054 035 036 038 044 045 045 045 048 255 255 0 
15 26 58.745 057 071 062 070 071 070 071 080 010 016 015 017 018 018 019 025 049 065 063 070 071 080 080 085 072 076 080 083 084 086 090 093 064 064 062 062 063 063 068 069 059 060 069 067 067 068 068 066 061 061 068 068 071 074 071 070 029 038 038 044 048 052 048 049 255 255 0 
15 26 58.745 065 077 076 076 075 072 070 074 021 026 021 020 024 022 022 026 048 059 066 059 068 067 069 078 081 092 091 096 096 102 101 100 062 064 065 061 069 073 072 075 058 062 068 066 066 063 063 063 057 056 065 066 064 065 065 065 034 035 038 045 045 042 040 043 255 255 0 
