10 15 54.961 067 084 075 058 084 093 084 094 033 001 034 000 000 047 003 058 040 028 050 020 024 060 028 062 021 005 030 004 004 047 006 050 037 025 041 022 023 062 025 070 056 044 063 039 044 079 044 087 062 052 064 054 053 080 055 081 097 090 095 091 078 099 078 108 255 255 0 
10 15 55.070 065 081 071 061 086 095 084 093 030 001 032 000 000 047 003 053 041 027 048 018 023 066 028 066 021 005 027 003 004 049 006 046 035 024 037 020 022 062 026 064 051 043 060 038 042 078 045 094 064 055 070 056 054 082 056 076 098 089 093 096 089 101 092 109 255 255 0 
10 15 55.070 068 087 076 061 087 097 086 094 027 002 029 000 000 045 002 047 039 027 044 019 021 063 027 072 024 006 029 003 004 047 006 046 038 026 038 022 024 058 026 064 050 043 057 040 044 077 046 098 064 054 072 054 052 082 053 079 097 088 087 094 086 101 090 106 255 255 0 
10 15 55.169 065 085 078 060 084 094 085 092 020 002 030 000 000 046 002 045 033 023 045 017 021 065 025 074 024 005 032 004 005 050 006 045 035 025 037 021 024 059 027 064 051 047 059 043 046 080 048 092 066 055 075 055 054 087 055 086 096 075 085 087 075 095 076 099 255 255 0 
10 15 55.169 067 083 079 060 087 098 088 090 025 002 032 000 000 045 001 042 034 023 044 017 021 062 026 071 032 008 038 003 004 051 006 046 032 023 041 021 023 061 026 060 050 041 053 037 040 071 042 084 069 057 072 056 053 088 055 095 099 088 088 095 088 099 090 102 255 255 0 
10 15 55.251 074 088 082 061 087 099 086 094 027 002 032 000 000 046 002 043 034 024 040 017 020 060 025 067 028 008 039 004 005 054 007 053 035 023 042 020 022 061 024 057 049 040 053 037 040 070 042 079 069 056 073 055 053 087 058 097 096 087 096 092 083 099 088 099 255 255 0 
10 15 55.251 075 088 086 061 086 101 086 101 029 001 029 000 000 045 002 040 031 022 040 016 019 058 023 068 031 007 042 004 005 055 008 058 035 024 038 021 023 061 026 058 049 043 054 039 043 074 046 082 065 055 073 054 053 088 056 099 102 091 098 097 089 102 090 102 255 255 0 
10 15 55.389 084 088 083 061 086 101 087 107 033 001 026 000 000 045 002 037 035 019 036 017 020 059 025 062 036 008 033 004 005 056 007 068 042 024 039 021 023 062 025 057 049 043 053 040 043 073 045 080 063 054 069 056 053 086 057 100 103 090 099 093 086 104 086 108 255 255 0 
10 15 55.389 071 088 082 061 086 102 088 110 028 001 030 000 000 044 002 037 035 023 039 016 020 058 024 059 027 007 036 003 004 054 009 065 043 026 045 021 024 060 025 058 051 043 053 040 043 072 044 077 069 054 068 053 052 082 055 099 105 089 099 092 084 106 087 112 255 255 0 
10 15 55.389 077 089 082 061 088 098 090 113 030 003 035 000 000 045 001 035 029 020 036 014 018 055 020 058 023 006 033 003 003 052 007 066 041 022 048 018 019 062 021 063 049 038 052 040 043 072 044 076 066 053 068 052 043 077 051 090 093 077 095 085 073 099 076 116 255 255 0 
10 15 55.495 077 088 078 061 087 099 090 111 039 004 032 000 000 048 001 043 031 017 029 013 017 054 020 056 030 006 030 003 004 051 007 062 047 024 041 017 019 064 021 071 051 035 047 037 039 072 040 069 060 046 064 049 048 078 050 082 090 074 089 085 074 100 077 119 255 255 0 
10 15 55.495 079 092 081 063 088 095 091 109 038 005 036 000 000 050 003 049 028 019 029 016 019 056 023 058 025 007 031 003 004 051 008 053 041 025 043 019 020 065 024 072 051 038 052 036 037 070 039 072 060 047 064 056 056 079 058 085 092 074 087 083 073 096 075 116 255 255 0 
10 15 55.596 073 084 076 060 085 095 087 102 039 007 038 000 000 049 004 059 034 019 031 014 017 052 022 055 027 008 024 003 004 048 008 050 035 022 040 017 018 061 021 077 053 039 056 036 038 072 041 069 058 052 064 055 052 080 058 085 097 089 091 084 074 096 078 117 255 255 0 
10 15 55.596 073 085 076 059 084 094 085 097 028 006 037 000 000 048 006 062 039 022 040 016 020 056 025 052 024 008 025 003 004 048 010 052 038 026 040 019 021 063 031 082 058 049 061 041 044 076 046 083 063 057 063 056 054 080 059 086 099 090 092 096 087 104 093 120 255 255 0 
10 15 55.700 072 089 076 063 088 095 093 101 033 008 027 000 000 047 011 063 041 027 038 015 018 054 023 060 023 009 023 003 004 046 011 051 039 026 038 018 019 058 028 076 057 051 063 042 047 080 048 087 065 056 062 056 055 082 060 082 096 083 087 083 073 093 081 106 255 255 0 
10 15 55.700 068 088 075 062 087 096 090 098 030 007 036 000 000 045 010 059 037 025 038 012 016 054 022 065 023 007 026 004 003 045 008 047 037 021 037 016 017 053 025 066 056 043 057 037 037 074 043 093 063 048 059 051 046 076 050 077 093 090 092 094 087 103 092 113 255 255 0 
10 15 55.789 069 088 074 063 089 094 091 096 030 007 037 000 000 045 008 051 031 026 046 015 019 060 026 070 027 008 028 004 004 047 011 049 032 026 039 019 022 060 028 067 053 049 060 041 044 079 050 098 067 058 069 055 052 080 054 082 094 089 090 095 087 102 091 111 255 255 0 
10 15 55.789 073 090 077 065 091 098 094 099 023 010 028 000 000 045 009 051 029 025 037 014 015 060 026 074 022 009 025 002 003 045 008 044 030 022 034 014 015 057 023 064 042 037 052 034 035 071 043 093 059 046 065 045 040 072 046 081 088 076 090 086 072 089 076 101 255 255 0 
10 15 55.881 068 089 072 063 087 096 092 098 020 007 015 000 000 044 008 046 031 025 022 016 020 061 031 081 026 012 011 003 004 048 008 045 033 026 031 018 019 056 027 063 054 050 052 042 045 075 053 098 066 060 064 054 052 084 057 089 095 091 100 097 090 100 094 109 255 255 0 
10 15 55.881 072 087 068 061 086 096 085 094 024 006 011 000 000 043 007 050 030 027 027 016 020 059 031 081 028 014 016 002 004 050 011 055 035 027 031 021 025 057 032 063 054 050 050 043 047 075 051 090 066 060 063 055 054 087 060 100 099 091 099 097 091 100 094 111 255 255 0 
10 15 55.979 083 094 074 065 091 099 089 100 033 004 015 000 000 041 006 046 042 025 033 016 021 058 028 073 033 012 030 004 006 053 011 060 039 026 033 021 023 059 028 062 054 049 054 042 046 075 051 084 070 062 072 058 056 085 063 108 101 089 095 086 075 093 076 099 255 255 0 
10 15 55.979 074 094 083 066 092 103 093 110 024 002 026 000 000 043 004 043 027 022 038 014 018 054 023 066 029 008 032 001 002 049 009 064 039 024 033 018 020 055 024 056 048 040 050 042 045 073 049 081 067 059 068 058 057 085 063 109 103 090 098 094 087 104 089 104 255 255 0 
10 15 56.075 073 093 085 064 089 100 092 115 029 004 026 000 000 042 003 040 032 019 031 014 017 053 021 061 029 006 027 002 002 050 008 064 038 023 039 017 017 055 020 056 046 038 049 035 041 069 046 081 067 058 067 057 054 084 060 102 098 074 091 083 070 099 073 104 255 255 0 
10 15 56.075 072 090 080 063 090 100 093 118 032 002 026 000 000 043 001 039 036 019 031 014 016 052 020 059 030 007 030 003 002 050 009 065 041 021 042 015 017 057 018 060 045 035 047 035 036 066 037 074 060 045 062 049 044 076 047 094 097 073 090 084 072 096 075 113 255 255 0 
10 15 56.174 080 091 081 063 088 097 092 117 041 003 029 000 000 044 001 042 033 020 031 015 017 052 023 063 032 007 029 003 005 049 010 063 046 026 043 018 021 063 023 073 053 044 051 042 046 074 048 075 067 057 066 059 055 084 059 092 100 091 098 092 084 107 090 127 255 255 0 
10 15 56.174 080 089 073 061 089 096 092 112 036 004 026 000 000 046 001 048 026 017 027 014 015 054 023 059 023 007 027 003 005 049 007 060 039 023 042 017 020 063 024 077 052 043 051 041 044 071 046 080 062 057 065 056 054 082 058 088 096 086 097 089 082 102 088 123 255 255 0 
10 15 56.272 077 084 075 058 083 092 085 102 037 004 038 000 000 047 004 059 031 015 032 013 013 052 017 054 026 006 028 004 003 047 006 057 038 019 038 015 015 062 021 082 057 045 058 040 044 073 044 077 066 056 064 055 053 081 057 086 098 086 095 089 083 102 088 116 255 255 0 
10 15 56.272 074 089 073 062 088 093 089 100 030 005 028 000 000 048 003 062 033 016 027 013 016 050 018 052 034 004 023 003 003 046 007 057 037 018 034 015 015 061 020 076 061 039 058 037 038 075 045 080 063 055 067 056 054 082 057 084 090 075 086 082 072 093 074 111 255 255 0 
10 15 56.379 075 085 075 059 085 095 087 102 035 003 034 000 000 049 004 062 036 019 039 014 016 054 018 052 028 005 027 003 005 048 007 054 041 020 038 017 019 059 024 074 060 046 062 040 044 078 044 087 066 054 064 057 056 079 057 083 096 088 092 090 084 099 086 114 255 255 0 
10 15 56.379 068 085 077 059 085 094 086 098 031 003 031 000 000 046 003 062 044 021 042 014 016 055 021 063 032 005 023 003 005 047 007 053 039 020 035 017 019 058 023 072 059 046 062 041 044 079 047 096 067 055 068 057 055 082 057 084 092 071 086 081 070 095 070 103 255 255 0 
10 15 56.466 070 086 078 060 086 096 086 097 032 002 020 000 000 046 003 055 055 020 037 014 016 057 020 069 031 004 020 003 004 047 006 049 039 021 035 018 021 058 022 069 060 045 059 041 045 079 047 102 073 054 068 056 055 082 055 086 097 089 096 093 085 101 089 109 255 255 0 
10 15 56.466 072 084 075 060 086 096 086 095 038 007 037 000 000 046 006 054 027 022 045 014 016 058 024 071 026 006 034 003 003 045 009 043 035 021 039 016 018 056 024 060 050 045 059 040 042 075 048 093 068 055 076 054 052 080 056 077 094 089 089 091 084 099 089 102 255 255 0 
10 15 56.570 068 086 080 060 085 095 088 090 024 005 025 000 000 046 005 047 035 026 037 016 020 062 028 076 029 010 026 002 002 047 008 041 032 023 036 018 021 058 025 062 056 047 057 040 044 075 049 094 071 058 071 055 054 085 056 086 090 082 086 087 081 095 085 102 255 255 0 
10 15 56.570 077 087 078 059 085 095 087 095 033 005 030 000 000 045 005 048 033 019 035 013 017 058 029 078 036 009 031 003 004 049 007 054 036 022 034 016 019 054 024 059 054 046 056 040 044 074 046 092 072 056 068 050 046 083 047 096 084 066 078 078 066 088 067 093 255 255 0 
10 15 56.683 097 088 079 060 087 100 088 094 038 001 023 000 000 044 002 043 040 019 033 014 016 054 019 070 043 005 033 002 003 052 004 059 037 014 030 014 015 055 017 055 052 034 047 033 035 068 036 081 063 044 065 047 042 078 044 098 089 064 079 076 064 085 065 090 255 255 0 
10 15 56.683 075 089 083 060 086 100 088 100 031 002 026 000 000 045 001 040 033 018 033 013 016 054 020 063 037 004 032 000 000 049 005 065 037 016 029 014 015 055 018 056 047 037 050 035 036 070 038 080 061 044 063 047 042 078 047 100 091 066 082 076 063 091 064 088 255 255 0 
10 15 56.776 072 090 081 061 088 099 090 107 027 001 023 000 000 043 002 039 033 018 031 013 016 052 019 059 025 003 028 001 000 049 005 066 035 017 033 014 015 055 016 050 049 035 047 035 036 069 038 077 064 044 061 048 041 076 045 096 092 069 089 077 066 092 067 098 255 255 0 
10 15 56.776 074 093 084 063 090 101 093 116 035 002 029 000 000 042 002 039 034 017 031 012 016 051 020 060 031 006 031 002 003 050 007 068 042 017 038 013 014 058 016 055 051 035 047 034 035 067 035 072 062 043 060 046 041 074 045 090 091 067 087 076 064 091 065 102 255 255 0 
10 15 56.895 078 091 081 062 089 098 092 115 037 003 035 000 000 043 000 036 034 017 030 013 015 054 019 055 038 005 028 002 003 049 007 064 041 017 038 013 013 059 015 064 047 035 046 035 036 067 036 071 061 042 058 046 041 072 044 084 089 066 084 076 064 091 066 111 255 255 0 
10 15 56.895 077 090 080 062 089 095 092 113 035 004 037 000 000 045 001 044 030 016 028 011 013 051 016 050 030 005 029 001 002 047 007 059 042 018 040 013 014 060 018 067 051 034 046 035 035 066 036 070 060 042 058 046 041 071 043 078 088 065 081 075 063 093 067 111 255 255 0 
10 15 56.985 077 090 077 061 087 098 091 102 043 006 037 000 000 049 003 052 035 015 031 009 013 052 017 048 027 005 028 003 003 049 006 054 042 017 036 013 014 061 018 073 054 036 050 035 035 066 036 068 060 044 058 046 042 073 043 078 087 066 079 076 063 094 068 112 255 255 0 
10 15 56.985 072 090 078 061 089 095 091 102 039 004 035 000 000 050 004 061 028 016 029 012 015 055 020 053 028 005 027 002 002 048 006 056 035 017 034 012 012 060 019 075 054 037 055 035 034 069 035 070 057 041 055 045 041 071 041 076 084 065 078 074 064 086 067 108 255 255 0 
10 15 57.068 069 088 077 061 087 097 089 098 028 005 031 000 000 049 004 063 038 018 034 010 015 055 018 050 021 007 026 000 000 044 007 054 036 020 034 013 012 056 024 072 052 042 055 035 036 072 039 081 054 044 055 046 041 071 047 079 086 068 079 074 061 087 068 102 255 255 0 
10 15 57.068 072 089 076 061 089 094 093 100 039 010 029 000 000 047 010 061 045 022 039 012 014 055 021 058 024 007 026 003 002 044 009 048 033 021 035 014 014 055 023 070 064 042 056 036 036 073 041 085 064 043 056 047 041 070 047 077 084 067 080 076 063 089 067 099 255 255 0 
10 15 57.163 068 089 074 060 087 095 091 095 040 007 033 000 000 047 009 055 049 023 042 012 016 057 020 064 030 007 026 003 004 047 010 046 041 019 034 014 014 057 021 065 055 043 056 037 037 076 042 093 070 046 061 048 042 073 046 075 082 068 079 076 064 086 070 100 255 255 0 
10 15 57.163 072 088 075 062 090 094 091 096 033 007 036 000 000 045 007 054 044 024 040 012 015 062 024 071 036 007 029 002 002 045 008 044 035 019 035 014 015 057 021 062 053 041 055 037 036 075 042 095 068 046 067 046 042 074 043 072 080 066 078 075 063 088 065 093 255 255 0 
10 15 57.259 071 088 074 061 088 094 090 095 032 002 031 000 000 045 003 047 038 020 038 012 015 061 020 075 032 005 029 002 002 046 004 045 035 015 034 013 013 055 017 059 051 037 051 036 036 072 038 093 067 044 065 048 042 076 042 080 079 064 074 076 063 088 064 089 255 255 0 
10 15 57.259 069 089 078 060 088 093 088 092 027 002 029 000 001 046 003 046 033 017 035 012 014 059 020 074 029 005 033 002 003 049 004 048 028 014 032 013 014 054 015 060 050 035 049 036 037 070 038 091 065 044 065 047 041 078 042 086 084 064 074 076 064 084 065 089 255 255 0 
