11 32 29.724 044 021 078 028 062 036 023 021 026 000 077 011 098 021 000 000 100 110 129 110 122 101 113 111 026 000 068 008 047 018 000 000 049 035 088 048 101 056 036 036 077 070 116 082 126 088 073 076 035 012 081 022 054 032 012 013 042 027 083 031 088 052 028 030 255 255 0 
11 32 29.724 046 023 080 021 060 037 023 023 025 000 075 009 086 022 000 000 102 113 128 112 136 103 111 110 026 000 070 007 052 016 000 000 047 037 086 048 093 055 038 037 082 075 117 084 134 091 076 079 039 012 084 020 051 030 013 013 042 027 080 034 067 052 028 029 255 255 0 
11 32 29.840 044 025 078 025 048 037 025 023 026 000 069 002 075 020 000 000 106 113 126 106 143 110 112 110 026 000 071 006 050 018 000 000 046 038 085 047 086 058 039 039 082 078 117 087 149 094 078 081 037 012 092 018 052 027 012 012 040 028 081 036 064 049 027 028 255 255 0 
11 32 29.840 047 023 085 025 049 034 025 023 024 000 070 003 064 021 000 000 097 105 126 103 153 103 108 104 026 000 079 002 038 018 000 000 043 035 081 042 064 051 036 035 075 074 107 081 139 093 076 079 038 012 095 017 073 031 013 013 039 027 078 034 059 051 027 028 255 255 0 
11 32 29.938 049 025 084 026 049 035 025 025 021 000 065 008 050 022 000 000 101 107 120 105 152 106 106 103 027 000 083 004 060 018 000 000 041 034 077 041 062 053 035 035 072 074 102 081 128 094 076 079 038 011 093 018 091 034 012 012 037 026 080 032 051 046 026 027 255 255 0 
11 32 29.938 050 022 091 021 066 033 022 021 024 000 064 004 054 021 000 000 097 102 117 099 146 102 102 100 027 000 087 003 075 019 000 000 040 033 080 037 058 049 032 032 068 073 098 077 121 090 074 077 037 011 092 018 095 036 011 011 039 023 086 031 060 046 025 027 255 255 0 
11 32 30.029 050 022 095 023 085 035 022 021 024 000 065 003 049 020 000 000 098 104 110 101 136 101 103 099 029 000 084 007 093 022 000 000 042 034 082 040 052 048 034 034 071 076 099 081 097 090 077 080 037 012 093 025 104 033 012 012 041 024 088 030 057 043 025 026 255 255 0 
11 32 30.029 050 024 086 025 094 038 024 022 021 000 063 005 049 016 000 000 100 104 104 104 117 103 105 102 029 000 082 003 091 021 000 000 045 034 086 039 060 048 034 034 066 074 094 081 086 090 077 080 037 012 086 018 107 038 012 013 042 022 095 029 076 043 022 023 255 255 0 
11 32 30.118 053 024 088 025 093 039 023 023 026 000 067 003 045 017 000 000 095 105 103 102 110 103 107 104 029 000 078 010 101 021 000 000 049 036 095 042 069 048 036 036 069 075 093 085 083 088 076 079 039 012 083 023 105 035 012 013 043 023 099 029 095 046 023 024 255 255 0 
11 32 30.118 049 023 091 025 105 038 023 022 025 000 076 003 042 014 000 000 094 103 109 103 101 100 106 103 029 000 077 007 105 022 000 000 048 035 100 042 089 048 035 034 066 075 098 079 075 087 077 080 037 011 081 021 092 033 012 012 043 022 098 029 107 047 022 025 255 255 0 
11 32 30.209 049 022 085 028 107 037 022 022 027 000 082 005 068 011 000 000 093 103 109 103 093 101 107 105 029 000 075 007 090 022 000 000 052 035 099 044 110 053 035 035 070 076 102 082 066 085 076 080 037 012 079 020 073 033 012 012 043 022 099 029 107 051 026 027 255 255 0 
11 32 30.209 048 022 083 029 094 038 023 022 025 000 083 009 077 018 000 000 094 105 108 104 078 095 105 101 029 000 070 008 067 018 000 000 051 034 098 045 110 052 034 033 069 074 103 082 070 087 077 079 038 012 076 022 064 031 011 012 042 026 092 038 123 050 025 028 255 255 0 
11 32 30.297 046 022 078 028 079 032 022 022 025 000 083 008 086 015 000 000 099 106 112 102 084 094 107 103 025 000 067 008 056 010 000 000 048 032 093 048 118 046 033 033 072 075 109 085 093 086 077 081 036 012 074 026 058 028 013 013 045 027 087 042 115 049 027 029 255 255 0 
11 32 30.297 048 024 074 034 068 034 024 023 029 000 079 012 097 016 000 000 096 104 115 104 083 094 106 104 027 000 064 011 055 017 000 000 048 036 090 050 123 053 035 035 073 076 115 082 108 085 075 078 035 012 076 024 053 030 013 012 040 023 087 039 107 051 029 029 255 255 0 
11 32 30.395 045 023 081 027 062 034 023 022 028 000 080 010 098 018 000 000 098 105 125 105 109 098 108 106 027 000 066 010 052 016 000 000 048 038 090 048 106 054 037 038 076 072 113 082 128 085 073 077 037 012 079 021 055 028 012 013 043 026 081 037 090 048 027 028 255 255 0 
11 32 30.395 045 022 077 031 064 028 023 022 028 000 074 013 096 014 000 000 094 102 127 106 131 094 103 100 029 000 070 011 047 010 000 000 047 036 086 051 100 050 037 037 077 070 116 078 136 084 071 074 037 012 085 023 057 026 012 012 040 022 081 038 078 048 026 028 255 255 0 
11 32 30.492 045 023 082 030 060 031 023 021 027 000 073 011 084 014 000 000 097 102 128 103 148 096 103 100 028 000 073 010 046 011 000 000 046 036 085 049 082 048 036 036 075 073 113 082 136 083 078 081 038 011 088 022 054 025 011 011 039 025 076 037 067 043 025 027 255 255 0 
11 32 30.492 043 021 080 029 056 026 022 021 027 000 068 011 069 011 000 000 099 111 131 112 147 102 112 109 029 000 080 009 039 009 000 000 043 037 084 050 067 045 037 037 077 077 111 088 141 090 077 082 039 011 096 023 078 021 011 012 039 025 078 039 067 040 026 027 255 255 0 
11 32 30.590 048 021 086 028 053 022 021 020 026 000 067 011 059 007 000 000 093 101 123 111 165 099 109 107 032 000 084 009 056 005 000 000 043 039 084 053 068 044 040 040 074 075 108 086 140 088 078 081 041 012 096 024 086 018 011 012 036 025 079 038 060 042 025 026 255 255 0 
11 32 30.590 049 022 089 029 061 019 022 021 026 000 064 012 056 005 000 000 095 102 118 106 149 091 104 100 032 000 087 012 075 005 000 000 040 035 082 047 062 041 036 035 074 078 105 086 126 086 078 081 042 012 096 024 093 020 012 012 040 025 083 037 057 039 026 026 255 255 0 
11 32 30.688 049 023 094 028 079 020 023 022 026 000 064 009 050 001 000 000 097 109 115 110 143 096 110 106 033 000 085 010 086 001 000 000 044 040 084 051 059 043 040 041 073 079 103 088 103 085 081 084 041 012 095 024 097 017 013 014 044 029 094 040 048 039 029 030 255 255 0 
11 32 30.688 053 024 090 029 100 020 022 021 025 000 065 007 053 002 000 000 097 108 111 112 123 096 112 109 032 000 086 008 084 003 000 000 047 039 093 050 057 042 042 041 071 079 102 085 093 084 078 082 041 012 092 023 113 017 012 013 045 026 095 034 069 035 028 029 255 255 0 
11 32 30.785 053 021 091 027 096 018 021 020 027 000 069 007 051 000 000 000 094 106 106 104 105 091 108 105 032 000 081 010 098 001 000 000 050 039 099 047 074 040 040 039 073 078 100 082 078 082 078 081 040 013 088 022 104 018 014 013 048 029 102 039 098 040 029 031 255 255 0 
11 32 30.785 053 023 092 030 108 019 023 023 029 000 076 006 045 000 000 000 095 110 110 108 101 095 111 109 032 000 078 009 094 002 000 000 051 040 099 049 087 043 040 040 066 075 096 080 068 082 078 080 039 012 081 021 091 017 012 012 047 026 096 035 103 035 026 027 255 255 0 
11 32 30.882 049 021 083 027 105 016 021 020 029 000 079 007 062 000 000 000 097 110 109 109 097 095 111 108 029 000 073 008 082 001 000 000 053 041 100 052 109 042 042 042 069 077 100 082 067 082 078 081 039 013 081 024 072 018 014 015 050 030 103 039 112 040 029 031 255 255 0 
11 32 30.882 051 023 084 028 094 019 023 022 028 000 083 007 083 000 000 000 096 107 109 107 082 092 110 105 031 000 070 008 069 002 000 000 057 042 101 052 113 045 044 044 075 076 104 079 077 081 077 082 039 012 076 020 065 015 012 012 045 025 092 036 119 036 026 027 255 255 0 
11 32 30.978 047 022 078 027 079 018 021 020 028 000 081 007 090 000 000 000 091 102 110 102 085 089 105 103 031 000 068 007 065 001 000 000 053 040 098 051 119 042 041 041 074 078 111 081 081 081 077 080 035 011 076 020 060 015 011 012 042 025 088 034 112 035 025 025 255 255 0 
11 32 30.978 045 021 076 026 067 017 022 021 028 000 082 006 093 001 000 000 091 097 114 096 077 085 101 098 027 000 066 007 058 000 000 000 049 035 091 045 125 038 035 036 073 073 113 079 113 079 073 077 034 011 074 019 056 015 012 011 042 024 081 033 098 034 025 025 255 255 0 
11 32 31.076 044 021 076 026 059 017 022 021 028 000 078 008 095 000 000 000 094 104 119 104 103 089 105 102 028 000 065 007 057 000 000 000 050 041 090 051 113 043 042 042 075 075 115 081 124 079 075 079 035 011 078 019 050 015 012 012 042 026 082 034 088 035 025 026 255 255 0 
11 32 31.076 043 021 077 026 057 017 022 021 024 000 074 008 087 001 000 000 095 103 128 101 126 089 104 101 026 000 069 006 050 001 000 000 048 039 091 048 099 040 039 040 072 072 114 080 127 079 074 074 033 012 083 020 052 015 012 012 040 026 082 035 075 035 027 029 255 255 0 
11 32 31.173 046 024 076 026 056 019 024 022 023 000 070 008 079 001 000 000 102 106 124 105 142 091 108 104 026 000 070 006 050 000 000 000 046 038 086 048 082 040 038 038 075 069 114 076 137 074 067 070 037 012 089 019 049 016 012 013 040 027 080 036 065 037 028 027 255 255 0 
11 32 31.173 042 022 081 024 049 016 022 021 023 000 069 006 074 000 000 000 098 105 126 102 148 090 105 103 026 000 074 004 046 000 000 000 046 038 083 046 076 039 038 038 071 065 106 072 136 069 065 067 037 012 091 017 062 014 012 012 038 027 078 038 066 039 029 030 255 255 0 
11 32 31.273 046 022 086 028 053 017 023 022 023 000 067 009 057 001 000 000 099 107 123 109 159 090 107 104 025 000 082 008 050 000 000 000 045 039 083 050 066 040 039 039 069 065 103 078 135 072 068 071 035 012 095 018 083 014 012 012 036 027 080 035 055 037 026 028 255 255 0 
11 32 31.273 046 023 091 025 054 018 023 022 021 000 065 006 057 000 000 000 095 102 118 103 156 087 102 099 026 000 087 005 073 000 000 000 042 035 082 043 061 036 036 035 067 060 100 078 125 077 073 077 036 011 093 020 097 014 012 011 038 027 083 035 055 036 027 027 255 255 0 
11 32 31.370 050 024 089 026 075 017 023 022 025 000 061 007 057 000 000 000 098 106 110 105 138 093 107 105 029 000 083 007 094 000 000 000 044 040 082 048 054 041 043 044 075 077 098 081 102 080 076 080 037 011 094 018 100 014 011 011 040 027 089 033 046 035 026 027 255 255 0 
11 32 31.370 050 022 091 027 095 017 023 022 023 000 065 006 050 000 000 000 092 099 107 098 123 085 102 098 029 000 085 006 094 000 000 000 045 035 087 043 056 037 038 036 072 076 098 082 093 081 077 081 040 012 090 021 113 014 012 011 044 027 094 033 067 035 026 027 255 255 0 
11 32 31.468 051 024 086 027 097 018 023 023 022 000 065 006 050 000 000 000 091 099 103 101 111 086 102 099 026 000 080 008 095 000 000 000 048 038 095 045 066 037 037 036 069 075 096 081 080 081 076 079 036 012 084 021 108 015 012 012 040 028 099 036 093 035 028 029 255 255 0 
11 32 31.468 052 024 086 028 102 017 023 022 024 000 071 005 043 000 000 000 096 108 106 107 099 094 110 107 028 000 076 009 097 001 000 000 049 039 102 048 084 040 039 038 070 074 096 079 079 079 075 078 036 011 081 019 092 014 011 011 044 026 096 035 104 034 025 027 255 255 0 
11 32 31.564 049 021 084 026 105 017 021 020 027 000 078 006 061 000 000 000 098 109 106 107 092 093 110 108 028 000 073 006 091 001 000 000 053 041 099 050 108 041 040 040 064 074 096 078 071 079 076 079 039 012 078 019 078 015 012 012 048 026 097 034 107 036 027 028 255 255 0 
11 32 31.564 047 020 079 027 096 018 023 022 026 000 081 005 078 000 000 000 100 108 108 106 081 094 111 108 028 000 070 007 082 001 000 000 054 039 104 048 110 041 040 040 068 072 101 077 071 077 073 076 037 011 077 019 064 015 012 012 046 025 093 035 119 035 026 027 255 255 0 
11 32 31.664 049 022 079 026 079 017 023 022 027 000 082 006 093 000 000 000 092 102 112 098 076 086 102 099 029 000 069 006 064 001 000 000 052 035 099 045 121 037 036 036 073 073 108 077 084 078 074 077 037 011 075 019 059 014 012 012 044 025 088 036 118 038 027 028 255 255 0 
11 32 31.664 048 021 077 025 068 017 022 021 029 000 084 005 094 000 000 000 094 101 117 098 078 086 102 098 027 000 068 006 059 000 000 000 050 036 095 046 129 036 035 036 075 073 112 076 106 077 074 078 035 011 074 020 057 014 012 012 043 025 085 036 107 037 027 027 255 255 0 
11 32 31.761 046 021 078 025 061 015 021 019 026 000 080 007 109 000 000 000 099 103 125 100 107 085 103 100 028 000 067 006 058 000 000 000 048 035 091 045 117 038 036 037 075 074 115 082 124 080 076 079 035 012 078 018 048 015 012 012 043 026 082 035 091 036 027 028 255 255 0 
11 32 31.761 044 022 078 026 058 016 022 021 026 000 076 007 104 001 000 000 095 100 125 098 125 084 101 098 027 000 069 005 049 000 000 000 047 035 086 043 104 036 035 035 077 074 115 079 140 080 075 078 036 011 080 017 048 014 011 011 041 026 080 034 073 036 026 027 255 255 0 
11 32 31.859 043 021 079 025 054 017 022 021 026 000 072 006 090 001 000 000 099 102 126 100 143 086 102 099 028 000 072 004 048 000 000 000 046 035 083 043 087 036 035 035 076 074 114 079 141 078 074 077 035 011 086 017 043 014 011 012 038 026 077 034 063 036 026 027 255 255 0 
11 32 31.859 041 021 079 024 047 016 021 020 025 000 069 006 075 000 000 000 102 103 129 099 144 087 102 098 023 000 077 004 047 000 000 000 045 035 082 043 071 036 035 035 072 072 108 080 140 080 075 078 036 012 091 017 061 013 011 011 038 027 078 036 064 037 028 029 255 255 0 
