		4”Ôpush																																																																			
																																																																					
																																																																					
																																																																					
16	45	51.182	2	1	1	16	61	2	0	23	36	18	32	25	67	21	18	34	30	14	12	0	45	21	16	32	27	13	26	35	76	18	16	45	26	20	26	30	81	26	19	50	56	58	58	56	71	62	61	78	67	82	72	78	104	81	86	110	91	111	96	99	131	105	114	124	255	255	0
16	45	51.273	12	6	11	11	62	8	7	47	43	22	36	67	87	25	23	55	28	14	26	14	58	18	18	47	27	15	27	24	70	22	17	54	31	28	31	30	85	30	29	63	52	58	55	53	80	59	59	74	74	90	83	86	107	92	95	116	94	110	102	117	141	108	112	124	255	255	0
16	45	51.273	10	5	10	8	56	10	7	47	41	21	37	33	79	26	21	53	32	14	24	0	43	17	16	41	27	13	24	18	64	25	19	53	23	20	23	25	81	26	21	58	51	56	56	58	84	61	59	73	58	78	67	74	88	79	82	98	89	111	97	104	127	110	114	130	255	255	0
16	45	51.273	8	5	8	7	59	10	7	47	45	25	38	37	88	29	24	57	9	7	11	8	49	8	7	41	39	19	33	27	64	23	20	55	25	20	23	26	82	26	24	60	61	62	64	63	103	67	63	81	69	77	73	74	88	80	79	100	102	120	111	115	131	118	124	139	255	255	0
16	45	51.372	10	6	10	9	50	11	10	44	2	2	39	36	89	33	27	60	37	24	34	27	70	21	17	43	47	24	36	31	68	29	26	56	32	22	30	26	81	28	25	61	44	51	47	48	93	58	54	78	59	76	69	73	83	79	79	98	95	117	91	102	122	113	121	132	255	255	0
16	45	51.372	17	9	12	5	49	2	0	34	53	15	49	34	84	24	27	62	46	23	52	38	87	30	24	50	37	21	38	30	65	30	25	53	21	21	35	32	76	29	23	61	56	51	57	59	102	62	57	78	77	81	78	79	98	86	87	98	104	119	102	113	115	122	128	131	255	255	0
16	45	51.469	1	1	4	41	63	37	31	61	69	17	21	19	65	23	33	67	69	36	47	66	97	51	46	73	32	20	30	18	58	26	14	46	12	15	18	17	66	22	17	52	97	93	98	109	130	84	77	100	91	87	82	76	99	82	72	86	91	97	97	106	108	115	119	131	255	255	0
16	45	51.469	0	0	2	3	59	48	43	67	64	33	39	35	70	27	24	54	41	52	49	42	95	55	20	63	51	22	38	24	60	32	28	52	49	25	20	31	66	25	31	62	89	69	75	75	117	78	70	86	96	90	88	57	97	73	73	82	120	162	143	133	129	151	167	156	255	255	0
16	45	51.567	52	7	0	10	47	10	2	31	24	12	10	13	61	18	13	48	22	2	4	9	62	9	2	38	33	21	34	26	65	30	10	38	31	21	21	26	56	34	30	55	25	12	15	28	79	26	27	60	71	85	73	82	112	80	84	99	101	122	109	114	106	122	126	134	255	255	0
16	45	51.567	1	0	20	32	51	5	0	30	0	0	0	3	52	9	3	39	61	44	26	7	68	8	2	43	41	24	46	17	65	20	14	44	0	8	2	4	49	10	11	43	23	20	27	31	79	25	17	54	88	96	82	89	117	92	102	112	117	125	115	121	111	135	138	129	255	255	0
16	45	51.667	17	8	29	20	71	23	22	51	6	1	4	3	57	7	1	35	0	0	5	4	61	6	2	40	8	11	16	6	72	29	17	44	17	13	20	22	60	22	18	46	35	22	37	30	76	27	21	56	68	69	71	77	114	71	66	84	144	148	129	136	123	144	148	141	255	255	0
16	45	51.667	48	19	39	35	77	22	17	44	14	7	31	40	52	14	26	44	3	1	5	3	59	9	1	39	6	1	3	1	58	6	0	34	11	9	8	11	50	14	7	43	43	40	58	53	81	45	34	62	38	48	45	45	97	56	48	72	122	137	113	123	125	131	140	137	255	255	0
16	45	51.764	13	7	14	14	70	13	9	40	59	23	24	26	58	27	23	56	17	0	15	44	68	5	0	37	21	4	7	4	66	3	0	37	42	33	50	47	82	32	36	61	37	40	57	44	73	43	43	71	39	41	39	36	89	36	35	75	90	100	82	88	111	105	115	119	255	255	0
16	45	51.764	10	10	10	11	55	11	3	41	44	12	50	44	67	45	30	50	34	22	15	42	65	1	2	37	2	1	4	1	60	2	5	41	53	23	41	30	71	27	19	44	44	30	39	35	62	40	29	53	39	37	56	59	85	33	28	62	130	144	132	122	131	122	144	135	255	255	0
16	45	51.863	4	3	8	15	50	17	15	34	34	31	45	38	60	26	26	41	12	0	0	0	33	6	0	18	11	5	8	6	35	3	2	27	41	27	49	53	55	17	6	43	41	28	48	37	51	24	19	42	25	15	22	14	45	32	22	42	104	139	112	100	116	132	129	141	255	255	0
16	45	51.863	7	3	16	23	26	11	5	9	51	29	36	37	47	27	33	26	0	0	0	0	7	2	0	0	23	14	18	18	33	23	16	13	43	29	40	34	39	15	1	2	50	41	54	42	75	67	44	43	14	12	9	24	24	25	19	21	103	120	96	100	101	99	96	106	255	255	0
16	45	51.959	4	6	13	8	19	8	7	5	37	19	43	28	39	31	45	30	0	0	0	0	8	1	0	0	0	0	0	1	9	3	0	2	60	35	52	43	46	33	29	20	38	25	44	37	50	42	32	39	9	7	27	16	26	26	16	16	130	141	125	119	128	130	126	121	255	255	0
16	45	51.959	5	3	7	4	13	8	4	11	48	21	31	30	37	31	25	22	0	1	0	0	4	5	0	0	0	0	0	0	7	2	0	0	11	7	7	8	17	6	3	3	49	35	59	51	57	43	34	37	16	20	26	23	33	21	9	8	125	141	128	139	138	134	132	130	255	255	0
16	45	52.054	11	4	10	9	16	9	7	6	44	18	35	27	34	23	18	16	11	4	6	2	9	11	6	6	0	0	0	0	7	2	0	0	11	7	8	7	16	6	7	8	48	27	47	41	46	38	28	22	39	41	47	42	55	41	40	37	112	121	107	116	123	124	130	128	255	255	0
16	45	52.054	0	0	0	0	7	1	0	0	51	22	36	32	39	28	24	12	13	6	13	10	14	12	6	5	4	3	0	0	3	4	0	0	12	7	1	2	9	6	0	4	50	31	45	39	55	38	28	25	30	31	28	31	43	39	31	30	101	122	103	110	116	117	120	130	255	255	0
16	45	52.154	15	6	7	7	13	7	7	5	62	24	54	40	49	28	22	17	17	6	15	13	16	9	5	4	4	3	7	5	5	3	4	4	4	1	4	4	17	11	10	10	66	47	69	66	65	55	40	28	30	30	36	40	45	41	33	31	92	110	81	91	91	100	108	124	255	255	0
16	45	52.154	30	10	11	17	14	10	4	3	48	17	41	30	33	23	16	18	7	3	8	5	11	5	4	3	0	0	0	0	1	1	0	0	6	4	29	24	28	24	18	16	56	40	69	65	62	48	37	37	42	38	45	39	51	46	41	33	83	102	82	83	90	95	109	118	255	255	0
16	45	52.253	26	9	18	15	17	9	8	7	50	22	48	39	44	30	20	19	4	1	3	2	10	2	0	0	0	0	0	0	5	0	0	0	31	14	13	22	26	16	18	12	52	36	57	63	65	53	45	36	47	37	50	46	59	50	40	41	92	114	91	95	107	105	105	116	255	255	0
16	45	52.253	26	7	15	10	24	24	18	14	16	9	20	16	19	12	7	10	9	4	9	8	14	6	4	4	2	0	0	0	5	0	0	0	9	7	11	10	15	12	11	10	43	25	46	47	45	34	31	26	48	40	43	44	48	41	32	30	90	110	86	86	95	94	107	115	255	255	0
16	45	52.35	10	6	3	2	5	5	5	4	12	5	12	8	15	11	8	5	0	15	22	28	34	16	10	12	2	0	1	0	5	0	0	0	7	4	9	6	13	1	1	1	51	32	63	54	60	47	35	27	42	43	45	45	51	40	40	42	112	129	120	114	115	117	128	125	255	255	0
16	45	52.35	24	10	20	18	19	16	12	18	46	25	40	32	33	27	22	22	2	1	3	3	10	5	5	6	5	1	3	1	12	3	1	0	3	2	3	3	6	2	3	4	46	24	51	46	57	35	27	25	36	28	28	24	36	20	15	18	108	131	109	113	111	121	126	123	255	255	0
16	45	52.447	37	8	21	14	18	16	8	8	42	19	46	32	30	25	18	17	1	1	1	2	10	4	1	1	3	2	2	1	6	2	0	0	1	2	0	0	2	3	1	2	35	23	44	41	40	31	28	25	23	18	21	22	30	22	17	20	94	119	95	97	106	113	119	123	255	255	0
16	45	52.447	30	16	38	26	30	23	14	13	42	21	42	31	33	29	21	20	0	0	0	0	5	6	0	0	5	3	7	7	16	9	2	2	4	2	2	1	4	5	0	0	41	24	50	44	42	36	25	25	22	19	22	23	31	25	20	20	111	126	109	111	119	119	125	131	255	255	0
16	45	52.546	6	2	3	4	10	9	6	4	4	1	2	0	4	5	3	3	0	0	0	1	7	3	0	1	3	2	6	6	10	5	1	2	7	2	6	6	11	7	4	5	45	25	57	51	50	36	28	27	46	46	41	43	52	47	46	43	95	116	96	100	106	105	109	122	255	255	0
16	45	52.546	24	11	7	18	23	6	3	3	21	12	22	20	22	16	16	8	0	0	0	0	2	1	1	1	18	6	16	12	14	4	7	8	25	13	25	25	23	16	12	10	38	22	17	36	28	23	25	20	55	48	46	48	51	48	46	42	109	119	105	115	117	123	135	142	255	255	0
16	45	52.642	8	4	7	9	14	7	4	5	20	7	18	11	19	11	8	6	0	0	0	2	5	3	0	1	7	3	7	7	15	6	5	4	40	24	37	21	36	27	24	20	18	12	15	18	15	14	12	7	37	31	35	39	44	37	31	31	114	124	115	114	116	116	123	124	255	255	0
16	45	52.642	19	1	5	4	11	5	2	3	22	10	23	29	25	12	10	7	2	0	0	0	4	1	7	5	8	1	4	3	10	2	2	1	40	29	41	43	44	29	23	20	5	2	8	7	12	4	4	5	25	27	35	33	45	35	28	29	105	130	109	109	116	115	120	126	255	255	0
16	45	52.738	44	12	27	19	27	15	13	11	37	12	29	23	23	14	18	14	1	0	0	0	2	0	0	0	2	1	4	0	8	1	1	1	27	13	22	49	25	16	15	11	25	18	17	15	15	14	12	8	51	50	61	48	66	60	58	54	130	144	131	133	134	132	144	145	255	255	0
16	45	52.738	19	7	11	9	12	8	6	4	37	24	26	35	32	21	21	14	13	6	9	15	10	5	2	4	12	3	10	27	28	18	14	12	29	14	26	29	28	20	15	16	39	25	25	15	26	15	16	14	62	59	62	62	71	69	68	76	108	134	121	119	126	132	140	139	255	255	0
16	45	52.837	7	9	12	17	15	10	9	10	53	27	41	44	41	29	26	15	2	0	1	2	5	0	0	0	0	0	0	0	3	0	0	0	26	14	26	30	30	23	17	16	14	17	26	18	28	20	23	17	69	67	70	72	75	67	66	68	109	131	116	119	127	127	136	139	255	255	0
16	45	52.837	0	0	0	0	3	0	3	3	61	21	41	43	43	35	26	26	4	1	1	1	6	0	0	0	28	15	28	7	3	0	0	0	35	32	47	54	50	37	26	25	24	18	27	50	43	33	31	29	68	50	52	56	63	60	57	58	107	147	135	131	137	135	150	153	255	255	0
16	45	52.934	22	0	0	0	3	8	0	0	46	12	23	28	29	19	16	18	30	1	2	14	8	0	0	0	22	0	0	0	2	0	0	0	51	26	42	40	40	32	28	32	49	19	28	32	27	22	21	11	81	97	92	78	94	93	93	90	102	122	110	115	117	115	131	128	255	255	0
16	45	52.934	21	0	0	0	10	9	8	9	43	25	37	37	33	28	23	26	13	0	1	2	10	1	9	7	17	7	14	23	27	19	21	20	53	22	37	35	42	33	27	23	30	22	28	73	52	46	39	39	77	86	84	96	95	88	90	84	105	127	114	97	117	123	129	129	255	255	0
16	45	53.033	0	0	0	2	3	0	0	0	48	23	37	35	33	18	19	30	0	0	1	33	8	1	2	0	32	17	29	42	30	19	19	16	16	9	15	15	18	9	7	8	27	24	33	61	43	31	28	24	73	83	84	113	88	80	82	88	95	122	102	65	108	115	124	124	255	255	0
16	45	53.033	2	0	1	0	5	0	0	0	27	12	18	16	20	18	16	18	0	0	0	0	8	1	0	0	31	16	25	21	26	19	19	18	71	46	71	52	56	56	51	54	35	34	40	39	47	34	34	34	85	84	85	88	93	90	90	97	104	128	108	113	116	126	139	137	255	255	0
16	45	53.131	2	1	1	3	7	0	0	2	0	0	0	3	4	0	0	0	0	0	0	35	9	0	1	2	30	14	27	68	27	15	10	13	59	37	53	36	53	46	39	42	22	20	26	41	32	24	22	23	82	97	92	130	103	96	96	96	91	118	99	92	104	108	121	124	255	255	0
16	45	53.131	8	3	4	5	11	2	2	1	1	0	0	0	5	0	0	0	0	0	0	0	8	0	0	0	25	11	23	43	23	11	8	8	80	37	72	52	61	48	42	43	22	17	25	28	32	22	20	20	87	98	88	103	104	100	101	106	94	111	90	98	98	102	115	115	255	255	0
16	45	53.23	1	0	2	23	8	0	1	0	19	5	12	7	15	8	9	9	3	0	0	0	6	0	0	0	28	7	21	28	23	10	6	5	49	23	62	55	50	36	18	17	20	13	18	16	23	17	14	15	84	93	97	98	101	97	98	102	94	110	97	93	100	100	115	113	255	255	0
16	45	53.23	9	0	2	1	8	1	0	0	16	5	10	5	11	5	5	5	4	0	0	0	5	0	0	0	19	7	16	13	17	8	6	6	49	21	40	32	55	48	41	42	23	16	18	15	25	17	15	17	69	84	75	82	92	86	85	84	81	106	80	86	92	95	111	113	255	255	0
16	45	53.326	8	0	1	6	8	1	0	1	22	13	34	22	28	17	14	15	5	0	0	0	3	0	0	0	27	8	19	16	19	12	8	8	54	23	60	48	50	36	27	28	25	15	19	16	25	21	19	20	91	100	91	100	108	103	102	109	88	115	98	109	108	108	121	125	255	255	0
16	45	53.326	13	0	22	6	7	1	1	0	31	11	50	21	27	19	15	15	0	0	15	0	5	0	0	0	22	8	28	15	22	12	9	9	48	22	66	35	41	27	19	22	31	22	52	27	34	25	23	21	81	91	81	86	94	89	91	95	94	116	113	102	108	108	116	118	255	255	0
16	45	53.423	0	0	15	3	6	1	0	0	3	1	25	2	6	1	1	0	0	0	14	0	1	0	0	0	13	5	26	11	17	8	8	7	47	22	60	39	42	28	22	21	26	23	47	28	33	26	24	21	80	92	86	87	96	92	96	97	92	114	106	100	104	106	114	107	255	255	0
16	45	53.423	0	0	13	0	6	0	0	0	3	2	41	5	10	2	1	1	0	0	14	0	2	0	0	0	21	7	30	17	22	14	11	10	50	23	60	37	42	29	23	23	36	25	48	31	38	33	30	27	72	85	79	77	85	84	87	93	84	107	97	96	101	105	115	118	255	255	0
16	45	53.524	0	0	3	0	4	0	0	0	5	1	13	5	10	4	3	3	0	0	4	0	3	0	0	0	19	7	19	13	17	11	8	8	45	21	42	35	38	28	21	21	32	28	38	34	41	32	28	26	70	85	74	78	88	82	87	90	83	109	90	94	101	102	117	122	255	255	0
16	45	53.524	0	0	0	0	4	0	0	0	6	5	14	10	16	8	6	6	1	0	2	0	7	0	0	0	13	5	12	11	17	7	5	6	43	19	41	35	39	26	20	19	34	31	48	44	48	37	31	26	65	79	70	71	78	78	83	83	84	114	91	96	102	107	118	123	255	255	0
16	45	53.621	0	0	0	0	4	0	0	0	16	4	15	10	14	8	6	6	1	0	4	0	3	0	0	0	12	3	9	5	11	5	3	2	43	20	41	33	36	26	17	15	43	33	54	48	51	40	34	27	62	77	69	70	78	74	79	79	87	116	94	98	105	108	121	125	255	255	0
16	45	53.621	0	0	2	0	3	0	0	0	17	6	18	9	17	8	7	6	1	1	9	1	6	1	0	0	11	4	28	11	15	9	7	6	34	15	35	26	31	20	16	14	36	28	50	44	50	38	33	30	75	82	86	83	86	86	86	88	88	114	95	97	101	105	118	124	255	255	0
16	45	53.716	0	0	5	0	4	0	0	0	15	5	21	8	16	7	5	5	1	1	11	1	9	1	0	0	10	4	18	3	9	3	7	5	40	17	40	24	30	22	14	15	38	29	58	42	48	45	39	34	77	83	88	79	86	81	82	85	94	119	100	103	107	108	121	125	255	255	0
16	45	53.716	2	0	35	0	4	1	0	0	16	5	14	8	14	8	7	7	2	0	4	1	6	0	1	1	18	7	24	13	18	8	7	5	39	14	32	25	33	24	18	13	48	41	61	57	61	49	43	37	77	89	107	85	93	87	88	95	99	121	100	102	108	110	121	119	255	255	0
16	45	53.816	16	0	2	0	4	0	0	0	33	15	35	24	26	20	15	14	22	0	7	1	8	0	0	1	34	6	19	11	15	7	3	8	38	18	37	26	28	23	20	20	35	23	31	28	31	21	18	18	72	79	80	78	85	78	81	89	94	119	103	104	103	109	121	118	255	255	0
16	45	53.816	4	1	0	0	6	0	0	0	41	16	36	10	25	14	18	18	2	2	6	12	9	3	2	1	20	7	15	11	14	6	4	4	63	30	49	32	47	39	29	29	57	22	39	21	39	29	24	21	76	74	68	92	78	74	75	82	103	124	97	97	105	110	122	120	255	255	0
16	45	53.912	13	0	1	6	3	0	0	0	47	15	32	0	26	19	10	10	16	0	0	0	3	1	0	0	19	3	14	38	14	12	9	7	67	32	57	45	49	41	32	28	26	18	25	0	29	24	20	16	63	70	70	141	79	74	71	67	96	121	102	160	112	114	125	125	255	255	0
16	45	53.912	5	0	2	69	8	1	0	0	49	12	30	15	28	18	12	11	0	0	0	0	5	0	0	0	11	5	9	80	19	9	6	3	55	28	51	97	46	36	29	26	19	14	14	0	24	18	15	14	58	67	63	90	77	71	71	71	102	120	96	118	110	111	120	118	255	255	0
16	45	54.01	33	1	2	8	7	1	0	0	35	12	29	55	26	16	12	10	0	0	0	0	4	0	0	0	30	4	11	22	13	6	3	4	63	28	50	93	48	35	27	25	26	12	13	0	17	15	12	11	45	63	61	50	72	70	67	69	81	121	91	141	104	110	122	116	255	255	0
16	45	54.01	1	0	1	44	5	1	0	0	51	16	36	72	30	20	15	13	14	5	15	0	17	8	5	6	26	2	3	27	7	3	2	3	58	27	49	87	46	36	29	24	14	15	15	0	17	12	16	17	51	64	59	43	69	69	70	72	93	110	91	146	101	104	119	118	255	255	0
16	45	54.106	13	0	0	31	5	3	0	0	32	8	18	59	20	10	8	11	22	0	0	0	19	10	8	6	2	1	3	0	9	4	2	1	52	17	39	67	36	22	16	16	15	12	14	0	20	13	11	9	67	81	72	46	84	81	81	90	84	114	94	123	110	110	120	119	255	255	0
16	45	54.106	0	0	0	0	4	0	0	0	26	8	19	62	16	4	3	3	1	11	27	0	22	15	11	10	3	1	4	0	6	2	2	1	47	24	47	77	49	35	28	25	18	15	18	36	26	17	14	14	63	73	67	28	78	74	71	71	91	120	100	136	113	113	122	126	255	255	0
16	45	54.206	0	0	0	0	2	0	0	0	23	8	18	56	19	11	9	15	35	14	32	7	27	15	14	13	15	5	12	0	14	8	7	6	51	28	46	74	45	36	30	29	40	20	20	49	29	21	18	17	51	61	50	23	66	63	60	67	85	119	94	116	113	113	128	128	255	255	0
16	45	54.206	0	0	0	0	5	0	0	0	35	14	32	29	29	19	17	14	32	18	38	31	31	20	15	16	46	11	22	8	18	11	8	10	64	33	61	54	57	44	37	39	34	16	22	24	27	18	17	17	55	67	62	63	76	74	69	79	92	125	101	109	115	118	131	125	255	255	0
16	45	54.302	0	0	0	0	3	0	0	0	40	18	60	46	49	36	29	27	27	15	33	27	31	21	16	16	23	7	13	8	14	9	6	7	39	26	41	37	46	34	27	27	23	19	24	30	30	22	18	18	40	58	45	47	54	55	54	65	64	113	72	85	98	102	116	117	255	255	0
16	45	54.302	0	0	0	0	2	0	0	0	40	17	36	24	24	19	14	13	1	0	1	5	2	1	0	17	0	0	0	0	6	5	4	3	46	28	47	37	46	33	26	27	22	19	27	29	36	24	19	21	51	63	52	54	66	60	60	72	74	111	79	85	97	100	116	114	255	255	0
16	45	54.401	0	0	0	0	4	0	0	0	51	17	47	33	38	27	18	18	26	12	31	27	29	19	13	13	4	4	14	8	16	7	4	5	49	27	48	42	50	35	27	28	17	15	21	20	30	21	18	19	48	65	51	57	67	61	61	74	69	110	78	88	96	101	113	113	255	255	0
16	45	54.401	1	0	0	0	3	0	0	0	37	11	31	21	31	23	18	16	31	13	33	29	31	18	13	13	1	0	3	7	9	7	4	4	35	18	33	24	28	16	19	18	22	19	25	28	37	25	21	18	46	65	51	57	68	62	64	78	67	107	71	81	90	97	109	111	255	255	0
16	45	54.497	1	0	1	0	5	1	0	0	47	15	44	34	33	22	14	14	26	10	28	24	31	17	11	10	3	1	4	5	12	3	2	2	49	24	47	39	49	33	26	24	11	6	15	16	29	16	13	12	42	57	46	54	67	58	60	75	73	115	83	88	98	107	121	110	255	255	0
16	45	54.497	1	0	0	3	9	0	0	0	57	19	55	29	43	27	18	17	24	10	27	22	33	17	11	9	11	3	10	15	18	6	2	3	38	20	34	18	42	27	19	14	14	21	24	28	40	29	24	25	38	55	43	52	66	54	59	72	72	111	78	86	101	97	106	101	255	255	0
16	45	54.596	1	0	1	1	14	1	0	0	60	22	55	36	48	28	22	20	28	15	37	23	43	21	15	14	11	4	10	18	25	6	4	3	40	21	39	27	47	28	22	20	22	20	29	23	46	28	24	24	42	57	47	56	67	55	58	67	72	109	80	90	97	101	113	107	255	255	0
16	45	54.596	1	0	1	8	16	0	0	0	66	21	59	38	50	31	22	21	26	9	27	16	34	16	11	10	14	4	13	18	26	8	4	4	28	12	26	20	33	15	9	9	20	19	28	21	46	25	21	22	38	56	45	53	71	55	57	68	66	105	73	86	99	94	109	109	255	255	0
16	45	54.693	1	0	1	6	20	1	0	0	68	22	65	43	54	31	21	20	31	11	28	17	38	17	11	10	6	2	6	10	24	4	2	2	43	21	39	38	50	27	21	20	21	20	26	17	44	26	22	22	42	55	46	52	72	56	58	66	72	111	82	94	105	101	112	114	255	255	0
16	45	54.693	0	0	2	7	18	1	0	0	69	24	64	45	55	32	22	20	26	12	31	23	37	18	13	11	13	4	12	13	27	7	4	4	36	20	36	37	44	27	20	18	16	18	20	11	34	22	21	19	34	58	39	43	59	51	58	68	67	109	69	84	95	98	112	111	255	255	0
16	45	54.791	0	0	0	3	11	1	0	0	53	16	43	31	39	22	15	14	28	12	28	16	32	17	13	10	1	0	1	1	14	4	1	1	37	17	33	32	37	22	19	16	20	18	21	18	28	20	17	15	44	62	49	51	64	58	64	74	72	111	83	98	106	106	113	114	255	255	0
16	45	54.791	0	0	0	0	14	1	0	0	70	25	64	59	56	34	24	21	26	12	28	20	35	17	11	9	14	5	15	1	28	11	7	6	33	17	35	36	43	24	17	13	22	21	22	20	34	23	19	17	41	59	46	26	65	59	63	72	74	113	82	121	107	105	115	113	255	255	0
16	45	54.89	0	0	0	0	11	2	0	0	43	17	45	55	47	24	17	16	14	6	11	0	21	8	4	5	13	4	12	0	24	10	7	7	32	14	30	60	42	21	14	12	48	25	32	63	49	31	24	21	44	59	47	0	59	56	61	72	76	113	83	115	110	106	114	110	255	255	0
16	45	54.89	20	0	0	0	17	0	0	0	46	18	52	35	49	27	17	14	46	0	0	0	16	0	0	0	34	4	11	7	25	8	4	4	52	13	29	26	41	19	12	11	34	19	26	27	43	25	21	20	43	58	46	50	66	56	59	72	78	118	86	95	113	111	121	114	255	255	0
16	45	54.986	7	0	0	0	12	0	0	0	49	21	60	72	54	32	21	20	42	0	0	10	11	1	0	0	35	3	11	0	18	7	4	4	50	14	31	36	36	22	14	14	65	23	35	52	47	31	27	24	63	58	47	34	61	57	60	69	84	112	80	75	103	108	119	115	255	255	0
16	45	54.986	39	0	0	0	10	1	0	0	51	15	42	33	46	25	16	14	38	0	0	16	13	3	2	3	40	6	16	0	23	12	6	7	51	14	30	7	34	21	14	14	53	23	28	62	43	33	26	24	64	66	51	34	63	60	65	79	84	111	77	55	99	102	115	108	255	255	0
16	45	55.085	38	0	0	0	8	2	0	1	47	13	39	5	41	22	15	14	43	0	26	52	32	18	11	11	40	3	7	0	21	9	5	5	46	11	31	0	39	20	13	13	34	27	31	32	51	32	26	24	53	68	58	64	76	71	69	76	81	111	83	67	98	103	117	115	255	255	0
16	45	55.085	2	0	0	0	10	1	0	0	47	14	41	27	39	22	14	13	20	6	17	13	29	11	6	6	19	5	13	7	22	7	4	4	40	17	37	31	45	24	16	16	26	23	27	29	44	28	25	25	61	70	61	68	81	70	70	78	85	110	84	50	96	102	116	113	255	255	0
16	45	55.181	21	0	0	0	12	1	0	0	40	11	32	0	39	23	16	14	36	7	18	54	25	11	7	6	30	4	12	39	21	8	5	4	49	16	40	13	39	24	16	17	40	21	27	29	38	27	22	20	65	69	60	73	75	70	71	80	85	110	85	79	103	103	112	113	255	255	0
16	45	55.181	17	0	1	1	10	0	0	0	45	13	34	26	36	19	15	15	35	7	16	13	26	11	6	6	31	4	11	8	16	7	4	3	56	21	47	28	48	29	23	22	40	23	30	23	45	28	26	22	58	69	60	84	79	66	69	80	72	107	79	74	96	100	110	114	255	255	0
16	45	55.278	4	0	0	0	21	1	0	0	35	11	42	28	47	21	16	15	1	4	14	13	35	10	7	7	17	6	14	16	29	8	5	4	42	18	40	27	45	23	17	16	24	22	26	23	46	25	22	19	53	67	56	65	80	65	68	77	77	115	86	91	104	105	114	116	255	255	0
16	45	55.278	2	1	1	1	17	1	0	0	37	11	31	23	39	19	14	13	13	5	14	10	29	9	7	7	16	5	12	11	31	8	5	6	36	15	31	28	45	20	15	14	20	20	22	24	43	22	20	19	50	65	50	57	75	61	67	77	75	109	79	91	103	100	114	115	255	255	0
16	45	55.378	4	0	1	2	23	1	0	0	44	11	34	21	41	20	11	13	13	4	11	8	29	7	5	5	16	5	12	15	29	8	5	5	38	15	33	29	38	20	14	15	18	18	19	14	36	22	19	17	48	65	53	60	74	61	66	76	75	113	81	92	104	103	119	120	255	255	0
16	45	55.378	2	0	1	7	29	3	0	0	40	12	36	23	47	18	11	10	13	4	13	9	33	8	2	4	8	6	16	15	41	11	7	7	40	16	37	33	53	24	17	16	19	18	20	18	42	22	19	16	48	63	51	52	77	59	64	74	76	113	84	90	106	105	114	118	255	255	0
16	45	55.476	0	0	0	1	29	3	0	1	31	9	24	20	42	14	8	10	0	0	0	0	26	7	4	4	13	4	11	9	35	10	5	5	34	15	33	30	49	22	14	13	17	18	19	18	39	21	18	16	42	62	51	53	76	60	63	75	77	115	88	96	109	112	118	121	255	255	0
16	45	55.476	0	0	0	0	25	3	0	0	41	15	40	33	51	24	16	14	12	5	13	8	30	9	6	5	18	6	16	12	34	11	7	6	39	16	35	37	53	24	16	17	23	23	26	24	46	25	22	20	53	65	57	55	81	63	66	76	86	118	97	103	120	114	120	122	255	255	0
16	45	55.572	0	0	0	0	20	3	0	0	46	15	39	37	47	24	15	13	0	0	0	0	15	1	0	0	19	7	16	12	33	10	7	6	42	16	38	34	49	24	17	16	26	24	27	29	48	29	25	23	51	64	56	55	77	63	65	76	85	119	92	96	111	113	120	120	255	255	0
16	45	55.572	0	0	0	0	21	4	0	0	52	15	40	45	53	25	15	14	0	0	0	0	19	2	0	0	21	6	16	14	35	11	6	5	40	16	38	35	53	26	17	16	28	23	27	28	50	28	22	23	49	59	53	55	78	63	63	75	88	124	99	105	118	120	126	125	255	255	0
16	45	55.671	0	0	0	0	24	2	0	0	53	19	53	45	61	31	19	19	1	0	1	0	18	3	0	0	15	5	12	9	29	10	5	5	40	15	40	29	54	24	16	14	31	26	32	32	54	34	27	25	50	60	53	55	77	61	63	74	97	129	106	109	124	124	134	131	255	255	0
16	45	55.671	0	0	0	0	22	1	0	0	45	14	38	37	54	21	15	11	47	0	0	1	24	2	0	0	20	7	21	16	36	12	7	6	41	15	37	35	54	24	17	16	45	26	35	36	59	33	26	29	63	61	59	59	77	64	65	77	97	127	107	111	124	122	131	130	255	255	0
16	45	55.767	41	0	0	0	21	3	0	0	42	10	27	30	41	16	10	9	27	0	2	3	21	3	0	0	27	1	2	0	21	2	0	0	44	15	37	35	50	24	17	16	27	22	30	30	55	29	24	24	51	61	54	53	74	59	61	73	98	128	103	109	121	124	135	130	255	255	0
16	45	55.767	16	0	0	0	20	3	0	0	43	12	31	32	44	19	12	13	13	0	1	4	28	2	0	0	10	5	10	10	30	6	3	3	41	17	46	47	60	31	22	20	20	30	39	41	66	44	31	29	46	63	55	56	75	62	66	83	89	126	98	97	111	118	127	118	255	255	0
16	45	55.866	1	0	0	0	16	2	0	0	37	8	26	25	41	18	10	9	7	0	1	2	26	4	0	0	14	4	13	24	35	15	8	7	60	21	52	50	57	35	22	21	41	31	44	45	68	49	33	32	56	64	59	59	79	65	66	83	94	128	99	101	113	116	128	122	255	255	0
16	45	55.866	8	0	0	0	20	2	0	0	35	8	27	22	42	14	8	8	7	0	0	1	25	5	0	0	29	9	27	25	41	15	9	8	49	14	34	32	45	21	14	16	52	34	46	47	71	48	34	30	62	65	61	63	79	63	65	85	96	124	97	95	110	112	125	118	255	255	0
16	45	55.963	5	0	0	0	24	1	0	0	37	10	31	25	42	20	13	11	0	0	0	0	23	3	0	0	28	9	23	18	42	14	8	8	57	22	53	45	60	34	23	22	37	32	41	43	66	47	35	31	59	62	57	60	80	63	65	81	94	123	91	92	108	113	123	118	255	255	0
16	45	55.963	5	0	1	3	23	3	0	0	40	13	28	26	41	18	12	10	2	0	0	0	22	2	0	0	33	12	32	31	42	18	12	10	57	22	49	34	47	26	18	17	22	19	23	24	44	29	24	22	67	75	73	80	91	76	76	93	97	122	98	104	110	117	123	119	255	255	0
16	45	56.062	2	0	1	5	24	3	0	0	44	12	33	31	43	20	13	10	2	0	0	0	21	4	0	0	20	7	19	20	39	12	8	8	46	19	39	35	48	24	14	12	21	17	21	20	43	24	20	18	58	67	57	61	81	65	65	79	93	122	101	104	113	115	124	125	255	255	0
16	45	56.062	1	0	1	3	21	5	0	0	57	17	36	35	47	24	18	15	0	0	0	0	19	3	4	3	20	10	24	28	36	16	10	9	42	16	38	35	41	23	16	17	36	31	39	28	44	26	22	23	63	68	66	73	83	69	71	83	96	118	98	114	110	112	116	118	255	255	0
16	45	56.158	24	7	15	37	29	9	8	10	44	17	33	36	40	20	19	17	0	0	0	0	16	1	0	0	18	8	21	24	33	12	7	5	31	14	30	37	41	16	12	11	6	7	10	0	23	5	6	5	43	62	48	45	75	59	64	56	76	110	88	112	109	104	111	119	255	255	0
16	45	56.158	21	7	14	20	25	2	0	0	61	20	52	43	52	26	19	16	3	2	10	10	26	7	3	1	0	0	1	2	22	1	1	4	33	14	30	28	45	20	13	11	13	13	15	11	36	18	12	16	37	58	43	46	69	53	59	53	65	104	76	88	104	103	108	117	255	255	0
16	45	56.256	0	0	0	1	22	2	1	1	74	24	71	55	63	33	24	21	7	3	18	26	39	14	10	8	0	0	0	0	19	1	0	0	32	18	31	32	47	22	17	13	6	5	6	7	27	7	5	6	37	58	43	46	73	55	61	56	64	106	71	79	106	102	108	124	255	255	0
16	45	56.256	14	3	14	9	29	6	5	5	72	21	58	47	57	28	22	18	8	11	26	28	38	14	10	10	0	0	0	0	18	0	0	0	30	15	29	31	47	18	11	9	6	3	6	6	22	4	4	3	47	68	50	53	75	59	65	59	71	111	75	83	103	104	113	126	255	255	0
16	45	56.353	16	3	17	11	29	7	5	4	53	12	47	39	55	22	17	13	28	8	25	23	38	12	9	14	3	0	0	0	20	0	0	0	34	15	29	30	49	19	15	13	8	4	7	10	32	6	6	7	47	65	53	56	75	64	65	54	75	108	77	84	104	99	109	117	255	255	0
16	45	56.353	16	4	15	8	25	7	5	4	55	18	52	42	50	24	18	14	42	13	36	34	42	17	13	10	0	0	0	0	16	0	0	0	29	12	27	25	44	17	14	11	6	5	9	11	30	8	6	7	54	67	58	62	81	68	69	58	74	109	80	85	105	100	110	117	255	255	0
16	45	56.453	17	4	15	10	29	6	4	4	47	17	51	39	58	24	17	15	32	13	31	27	43	15	11	8	0	0	0	0	16	0	0	0	22	9	21	19	37	14	12	10	6	7	10	10	36	8	8	8	39	64	46	56	73	63	65	53	55	104	65	78	100	96	108	117	255	255	0
16	45	56.453	16	3	14	8	26	6	4	3	56	15	44	33	48	20	15	12	31	11	31	27	42	14	10	8	1	0	0	0	19	0	0	0	22	10	21	19	40	14	11	9	6	7	9	11	34	9	6	6	41	64	47	56	75	65	64	54	53	103	61	71	95	88	104	112	255	255	0
16	45	56.55	18	4	16	9	27	6	4	4	51	13	43	31	50	18	14	11	31	11	32	32	46	16	11	9	0	0	0	0	23	0	0	0	23	10	22	21	45	17	13	12	6	6	8	11	34	8	6	8	43	63	47	55	84	63	65	55	55	104	66	73	95	97	111	115	255	255	0
16	45	56.55	22	4	16	11	33	6	4	3	54	13	45	34	51	20	15	13	33	11	35	34	51	17	13	11	0	0	0	2	26	0	0	0	25	11	23	20	42	15	12	11	9	7	10	11	38	10	8	8	44	62	48	55	82	63	63	53	67	113	75	81	100	103	116	121	255	255	0
16	45	56.647	17	4	18	12	30	6	4	3	58	15	55	45	52	22	15	13	42	11	36	35	48	17	13	11	2	0	1	1	25	0	0	0	30	11	24	21	45	18	13	13	11	9	13	11	40	10	10	11	47	60	50	53	80	58	61	50	75	115	79	85	105	103	114	116	255	255	0
16	45	56.647	24	4	19	16	34	7	5	3	54	15	49	40	49	22	16	13	38	10	29	34	42	17	12	9	1	0	1	1	19	0	0	0	35	16	30	28	39	20	14	12	9	8	10	10	29	10	9	9	48	61	51	58	77	64	66	55	69	109	75	81	97	100	112	114	255	255	0
16	45	56.742	18	4	17	13	26	6	4	3	43	11	36	30	43	18	12	9	34	9	33	35	45	16	11	8	1	0	1	3	24	0	0	0	27	11	23	26	40	17	13	12	5	5	6	6	33	7	6	7	41	61	46	55	82	63	64	54	58	106	66	74	94	92	106	108	255	255	0
16	45	56.742	1	0	1	2	27	0	0	0	44	10	37	30	42	14	10	8	28	8	28	29	43	14	9	8	0	0	1	1	25	1	0	0	30	13	28	27	44	18	13	11	7	7	8	8	30	10	7	7	40	57	46	51	76	61	62	56	65	106	74	78	101	97	109	111	255	255	0
16	45	56.842	0	0	1	2	28	1	0	0	61	16	50	43	51	21	15	12	31	10	31	29	44	14	9	7	0	0	0	1	29	1	0	0	31	12	27	26	47	16	13	12	5	6	6	6	34	7	6	6	43	63	50	54	82	62	64	54	67	108	75	81	99	97	110	112	255	255	0
16	45	56.842	0	0	0	3	30	1	0	0	64	19	60	49	58	24	17	13	27	7	22	23	43	10	7	5	0	0	0	0	29	0	0	0	33	12	28	29	52	18	14	12	7	7	7	5	36	12	10	8	47	60	52	56	77	63	60	49	66	106	77	85	106	95	108	113	255	255	0
16	45	56.939	0	0	0	1	29	1	0	0	73	19	65	48	58	26	18	14	0	2	8	6	32	3	2	3	0	0	0	0	31	0	0	0	33	14	32	32	55	19	14	13	7	6	8	7	38	7	7	6	45	61	50	54	81	61	61	50	77	109	82	90	107	96	108	114	255	255	0
16	45	56.939	0	0	0	0	30	0	1	0	67	18	60	50	60	25	19	14	3	2	6	6	31	4	3	2	0	0	0	0	24	0	0	0	34	15	33	33	52	20	15	12	7	5	8	6	33	8	7	6	49	63	51	53	76	62	63	52	76	107	84	90	107	101	111	115	255	255	0
16	45	57.038	18	4	18	11	35	6	4	4	58	16	45	42	56	23	17	12	11	4	10	10	32	5	4	3	0	0	0	0	25	0	0	0	35	16	35	36	57	21	13	12	10	9	11	13	38	10	9	9	44	60	47	50	73	61	63	53	72	108	80	87	109	101	112	114	255	255	0
16	45	57.038	18	4	16	10	32	6	4	4	65	17	56	43	60	24	17	13	3	2	9	11	33	4	3	2	0	0	0	0	22	0	0	0	33	16	35	32	53	21	15	14	11	9	12	13	39	13	11	9	44	60	47	50	72	59	60	54	71	107	78	84	104	98	108	111	255	255	0
16	45	57.135	18	3	16	9	31	6	4	3	58	15	51	40	54	22	15	13	1	0	0	2	29	0	0	0	0	0	0	0	25	0	0	0	31	13	30	29	54	20	15	14	12	10	14	16	44	12	10	10	45	62	48	52	74	59	61	53	68	106	76	84	104	97	109	112	255	255	0
16	45	57.135	17	4	15	10	35	5	4	4	61	16	54	44	61	22	16	13	5	2	5	6	37	2	1	1	0	0	0	0	26	0	0	0	28	10	25	31	55	19	13	12	9	10	13	15	47	12	9	8	40	58	45	52	74	59	61	54	66	105	74	79	103	95	107	113	255	255	0
16	45	57.233	10	0	0	0	29	3	3	1	60	16	51	39	59	22	16	12	4	2	6	5	40	3	2	1	0	0	0	0	27	0	0	0	33	15	34	31	57	22	16	13	10	10	13	13	48	13	11	10	41	57	46	49	73	53	59	52	72	111	80	85	105	100	111	117	255	255	0
16	45	57.233	0	0	0	0	22	0	0	1	63	16	51	39	57	22	17	12	5	2	6	6	39	4	2	1	0	0	0	0	26	0	0	0	40	17	36	35	55	24	17	15	10	11	13	14	47	14	12	11	39	57	45	48	72	54	58	51	65	106	74	79	102	95	107	114	255	255	0
16	45	57.329	12	2	9	5	32	2	2	1	63	15	49	37	54	21	16	13	5	2	5	6	29	3	3	2	3	1	2	2	29	1	0	1	35	17	35	33	52	22	17	13	10	12	13	13	46	14	12	10	40	61	48	51	78	57	63	58	60	100	68	74	92	92	105	113	255	255	0
16	45	57.329	12	2	9	6	37	2	1	1	62	14	48	37	56	21	15	11	4	1	5	5	38	3	2	2	5	1	4	4	35	1	1	0	35	14	33	31	55	17	16	13	9	11	11	11	44	12	10	9	41	61	48	53	81	57	62	56	64	106	72	78	98	93	107	113	255	255	0
16	45	57.427	13	3	8	6	36	3	2	1	61	14	45	35	52	19	15	11	4	1	4	4	30	3	2	2	2	1	4	3	30	1	1	0	37	11	36	31	50	20	15	12	9	10	13	13	40	13	11	10	46	64	53	56	81	59	62	58	70	107	80	83	100	96	108	114	255	255	0
16	45	57.427	15	3	10	11	41	4	2	2	57	13	41	36	53	19	13	10	3	1	4	4	37	3	3	2	2	0	2	2	38	2	1	1	27	11	28	22	50	15	12	10	9	9	12	11	43	12	11	9	45	64	52	58	84	61	65	59	71	106	79	85	106	96	109	113	255	255	0
16	45	57.528	12	2	8	8	40	4	2	2	58	14	42	33	53	19	13	9	2	1	3	3	36	2	1	1	0	0	0	2	36	0	0	0	33	12	29	27	54	16	12	10	9	11	12	9	41	11	11	9	42	64	52	54	86	59	65	57	66	107	77	82	103	95	108	113	255	255	0
16	45	57.528	0	0	1	1	36	0	0	0	57	13	38	37	55	18	14	10	2	1	3	2	34	2	2	1	0	1	2	3	37	2	1	1	33	14	32	31	57	19	14	11	17	14	22	18	47	16	14	11	46	64	53	54	84	59	66	59	70	109	81	85	109	97	111	116	255	255	0
16	45	57.623	0	0	0	1	31	0	0	0	56	13	36	34	54	18	13	10	2	1	3	2	32	2	1	1	0	0	0	1	34	0	0	0	36	14	33	32	55	19	13	12	20	15	24	22	50	19	16	13	46	67	55	56	78	61	67	59	70	109	83	87	114	99	112	116	255	255	0
16	45	57.623	0	0	0	0	35	0	0	0	51	12	37	36	57	18	13	9	4	1	3	1	31	2	2	1	0	0	3	2	36	3	2	1	38	15	36	37	60	20	15	12	20	15	24	23	49	18	14	12	45	65	51	55	81	60	67	59	70	108	82	87	113	96	109	113	255	255	0
16	45	57.72	0	0	0	0	28	0	0	0	45	11	33	35	54	16	11	8	5	3	5	3	29	2	1	1	4	1	3	2	31	2	1	1	38	15	35	35	56	22	16	14	20	15	24	25	46	19	16	13	50	67	56	57	78	63	70	61	72	105	80	85	108	96	108	117	255	255	0
16	45	57.72	0	0	0	0	26	0	0	0	54	14	43	40	56	20	15	11	4	1	4	3	28	2	1	1	1	0	1	0	27	1	0	0	31	14	32	30	53	19	14	11	17	14	21	21	51	16	13	11	44	67	53	52	77	62	67	59	62	104	76	81	101	95	106	114	255	255	0
16	45	57.818	0	0	0	0	25	0	0	0	58	15	43	39	56	21	15	12	5	1	5	6	28	2	1	2	5	0	4	1	24	2	1	1	31	13	30	28	47	18	14	12	18	13	22	23	45	17	14	10	42	64	50	49	71	58	65	58	61	100	72	76	100	94	104	114	255	255	0
16	45	57.818	0	0	0	0	22	0	0	0	60	15	41	38	54	21	15	11	5	2	5	6	30	2	1	1	5	1	3	0	24	1	1	1	31	13	29	25	47	17	13	12	17	14	21	23	42	18	14	12	44	68	54	58	80	69	73	65	59	103	70	75	97	91	105	116	255	255	0
16	45	57.917	0	0	0	0	26	0	0	0	60	14	41	36	58	21	15	12	5	3	6	8	38	3	2	1	6	2	4	1	31	2	1	0	31	13	31	25	53	18	14	13	18	14	23	24	53	19	16	14	46	68	53	55	86	67	70	63	59	102	71	73	94	92	107	116	255	255	0
16	45	57.917	0	0	0	0	28	0	0	0	59	14	42	36	56	21	14	11	5	2	5	8	37	4	2	2	5	1	4	3	31	2	1	1	30	13	29	25	49	17	13	12	18	15	23	25	51	19	16	14	47	69	57	62	88	68	70	67	60	104	73	76	96	91	109	120	255	255	0
16	45	58.015	0	0	0	0	24	0	0	0	60	15	43	36	52	22	16	13	4	2	5	8	31	3	2	2	8	3	6	5	32	3	1	1	31	13	28	23	49	18	15	14	16	15	21	17	45	16	14	13	50	71	62	67	90	74	76	73	65	107	75	74	96	94	110	124	255	255	0
16	45	58.015	0	0	0	1	26	0	0	0	55	14	39	31	54	18	14	12	4	2	5	8	36	3	2	2	1	0	1	3	31	0	0	0	33	17	33	30	52	17	11	11	9	9	10	14	48	12	11	10	50	70	62	67	92	73	69	72	69	109	78	78	100	93	111	125	255	255	0
16	45	58.112	1	0	0	1	33	0	0	0	56	14	41	39	55	19	14	13	17	5	12	13	42	7	6	6	1	0	0	1	30	0	0	0	32	13	30	26	45	18	15	14	6	7	9	11	37	9	8	8	47	68	56	61	91	69	69	67	63	107	76	81	97	94	110	122	255	255	0
16	45	58.112	1	0	0	0	30	0	0	0	57	14	41	33	52	20	14	12	21	7	17	14	46	9	7	6	0	0	1	1	39	0	0	0	28	12	26	24	47	15	12	12	6	7	9	9	43	9	9	8	44	66	53	57	88	67	68	64	60	105	72	77	103	93	107	121	255	255	0
16	45	58.209	1	0	1	2	40	0	0	0	61	14	42	39	59	19	14	13	21	6	18	18	47	8	7	7	0	0	0	2	40	0	0	0	29	12	26	25	51	15	12	11	6	7	7	6	44	9	9	8	42	66	53	58	88	67	67	62	61	107	73	77	104	92	107	120	255	255	0
16	45	58.209	0	0	0	2	37	0	0	0	62	16	43	37	56	21	16	14	23	7	22	18	44	11	9	7	0	0	0	1	37	0	0	0	29	12	26	26	52	17	13	13	10	11	13	11	45	14	13	13	42	67	53	56	85	67	67	64	59	104	71	74	102	91	106	121	255	255	0
16	45	58.306	0	0	0	1	40	0	0	0	70	18	50	39	66	23	17	15	19	7	17	13	45	12	9	8	0	0	0	0	38	0	0	0	30	13	28	26	57	18	14	14	11	11	13	15	45	13	12	12	50	70	59	64	87	70	72	69	64	105	78	82	106	93	108	124	255	255	0
16	45	58.306	0	0	0	1	34	0	0	0	56	15	41	33	57	20	15	14	21	6	18	12	40	8	6	5	0	0	0	0	35	0	0	0	36	16	34	41	59	20	15	14	10	8	13	7	43	10	9	9	56	70	61	60	88	68	70	61	73	104	83	88	105	95	104	122	255	255	0
16	45	58.405	0	0	0	1	31	0	0	0	58	15	41	35	56	20	16	12	19	6	16	13	39	8	6	6	0	0	0	0	28	0	0	0	36	14	32	29	57	19	15	13	10	8	11	9	38	9	9	9	48	66	54	55	83	62	69	60	69	103	80	84	107	93	104	122	255	255	0
16	45	58.405	0	0	0	0	31	0	0	0	62	16	47	49	63	25	18	14	21	6	17	17	36	8	6	5	0	0	0	0	26	0	0	0	28	12	26	27	50	16	11	11	8	8	9	10	39	8	8	8	41	61	47	47	75	56	63	59	63	102	78	81	102	94	107	121	255	255	0
16	45	58.502	0	0	0	0	25	0	0	0	68	18	49	50	58	25	18	15	23	7	18	19	40	9	6	5	0	0	0	0	26	0	0	0	26	10	25	24	47	16	11	11	9	8	11	12	40	10	9	9	38	61	47	47	77	57	64	58	62	103	75	79	106	95	104	121	255	255	0
16	45	58.502	0	0	0	0	25	0	0	0	67	19	51	40	60	25	18	15	25	9	21	18	44	12	8	7	0	0	0	0	26	0	0	0	30	13	28	25	50	18	14	13	11	9	13	15	43	11	10	10	45	65	51	55	78	59	67	60	66	102	78	84	102	92	105	118	255	255	0
16	45	58.6	0	0	0	0	29	0	0	0	69	18	52	39	60	25	18	15	24	8	21	17	46	11	6	6	0	0	0	0	24	0	0	0	28	11	26	21	50	17	12	11	10	9	12	18	46	11	10	11	43	65	51	51	77	58	65	57	63	105	74	74	98	92	106	116	255	255	0
16	45	58.6	0	0	0	0	29	0	0	0	65	17	51	42	64	25	18	15	22	7	21	25	52	11	7	7	0	0	0	0	29	0	0	0	29	13	27	23	55	18	12	12	11	10	12	17	47	11	10	10	43	64	49	55	81	59	65	60	63	104	75	74	97	93	107	122	255	255	0
16	45	58.696	0	0	0	0	27	0	0	0	68	18	51	35	63	26	19	16	23	6	21	25	49	10	7	7	0	0	0	0	29	0	0	0	28	12	26	12	49	17	13	13	10	9	13	21	51	13	11	11	45	65	51	58	81	58	65	61	64	102	74	76	99	93	105	119	255	255	0
16	45	58.696	0	0	0	0	29	0	0	0	74	18	55	35	61	26	19	16	22	8	20	22	50	11	8	6	1	0	0	4	34	0	0	0	32	13	29	19	49	18	12	12	8	7	10	12	43	9	9	8	48	68	55	63	88	62	69	62	67	103	77	75	96	94	106	118	255	255	0
16	45	58.795	0	0	0	1	33	0	0	0	74	18	54	37	62	26	19	16	24	7	21	19	47	11	8	7	1	0	0	3	32	0	0	0	27	10	26	13	48	15	11	10	10	10	12	10	45	11	10	9	46	67	54	63	90	63	69	63	66	104	77	81	97	94	105	116	255	255	0
16	45	58.795	1	1	0	2	33	0	0	0	78	20	57	42	58	28	19	17	25	7	20	16	42	11	8	6	1	0	1	5	35	0	1	0	29	11	24	18	44	14	10	11	8	8	10	9	40	11	9	9	41	66	51	58	83	60	66	62	62	106	75	81	97	95	108	118	255	255	0
16	45	58.892	1	0	1	4	37	0	0	0	73	19	54	37	58	26	19	16	24	7	21	14	46	11	8	6	0	0	1	6	38	0	0	0	28	11	28	26	51	20	14	15	8	9	10	6	43	11	9	11	42	65	51	58	84	60	66	62	64	105	74	82	101	93	106	115	255	255	0
16	45	58.892	0	0	0	8	36	0	0	0	74	19	55	34	57	26	18	15	24	7	21	13	46	11	8	7	0	1	0	7	41	0	0	0	39	17	38	35	58	23	17	18	8	8	9	5	41	9	8	9	40	63	47	55	86	58	64	61	63	107	73	85	105	94	107	115	255	255	0
