13 01 41.157 082 058 092 061 072 053 058 048 051 000 060 008 041 001 000 000 068 059 092 067 098 058 059 054 069 013 082 022 061 017 014 015 064 039 082 046 067 041 038 040 082 073 100 081 105 076 073 080 070 012 085 021 067 014 012 012 062 036 082 043 063 041 036 044 255 255 0 
13 01 41.157 086 057 092 060 079 053 057 048 053 000 059 008 038 002 000 000 067 061 090 068 098 061 061 056 067 014 084 023 068 016 014 015 067 040 080 047 067 042 040 041 081 074 095 083 103 078 074 081 071 012 083 021 071 014 012 012 065 037 084 043 065 041 037 044 255 255 0 
13 01 41.283 085 057 093 062 088 053 057 048 055 000 060 007 043 000 000 000 065 059 087 068 094 059 060 055 069 013 082 023 071 016 014 015 067 039 085 046 066 039 038 040 077 075 098 083 098 079 076 082 068 012 083 021 074 014 012 012 068 038 090 044 072 042 038 045 255 255 0 
13 01 41.283 086 059 094 063 095 055 059 049 056 000 063 007 044 001 000 000 063 061 087 068 088 060 060 056 062 014 082 024 067 017 015 016 065 038 088 044 066 034 033 034 076 075 097 082 092 079 075 082 065 012 080 021 072 014 012 012 068 038 092 045 078 041 037 044 255 255 0 
13 01 41.382 082 058 092 061 094 052 058 049 056 000 065 007 045 000 000 000 060 060 084 067 081 058 060 056 058 014 079 025 070 016 014 016 063 033 086 042 069 036 033 034 077 076 095 084 091 080 076 083 061 012 076 021 070 014 012 012 069 037 092 047 091 043 039 046 255 255 0 
13 01 41.382 081 059 091 063 098 056 059 050 055 000 069 007 053 000 000 000 060 061 085 068 080 061 061 056 057 015 077 024 069 017 014 016 065 033 088 041 077 035 033 034 077 073 095 081 085 078 075 083 059 012 073 020 065 013 012 012 069 038 092 046 092 040 038 045 255 255 0 
13 01 41.382 078 059 088 061 092 055 059 050 057 000 071 007 058 000 000 000 061 061 087 067 075 060 061 056 055 014 074 024 064 016 014 015 071 033 088 042 083 036 035 036 085 077 102 084 091 080 076 085 061 012 074 021 062 014 012 013 068 038 093 047 097 043 038 045 255 255 0 
13 01 41.484 077 059 087 063 089 055 059 050 057 000 071 008 057 000 000 000 063 060 088 066 072 059 060 055 059 015 073 024 060 016 015 016 066 035 090 045 089 037 036 038 090 076 105 082 092 079 076 083 058 012 074 021 058 013 012 012 066 039 090 047 098 042 039 045 255 255 0 
13 01 41.484 075 059 087 063 084 056 059 051 056 000 072 007 064 000 000 000 066 061 094 067 077 061 061 057 055 016 069 025 054 017 016 018 064 033 083 043 086 034 034 034 089 075 105 082 098 078 076 082 060 012 072 020 052 013 012 012 063 037 084 045 089 039 037 044 255 255 0 
13 01 41.580 074 059 085 061 077 056 059 051 055 000 069 008 059 001 000 000 068 060 095 066 079 059 060 055 058 015 072 023 057 017 015 017 061 033 082 042 083 036 033 034 088 074 107 082 105 078 074 081 060 012 073 019 049 014 012 012 060 036 082 045 085 042 037 044 255 255 0 
13 01 41.580 075 059 086 062 075 056 059 051 056 000 067 008 059 001 000 000 069 061 099 067 089 060 060 056 055 015 074 023 054 016 015 017 060 033 080 041 079 035 033 034 090 075 108 083 113 078 075 082 063 012 076 020 052 013 012 012 060 037 082 046 080 040 038 045 255 255 0 
13 01 41.678 077 057 085 060 070 055 058 050 055 000 064 007 061 000 000 000 072 060 098 059 095 060 061 056 059 015 075 024 046 018 015 017 059 033 077 041 071 036 033 034 089 075 108 084 115 079 076 082 066 012 080 019 053 013 012 012 060 038 082 046 074 042 039 046 255 255 0 
13 01 41.678 080 059 088 060 069 055 059 050 052 000 063 008 050 001 000 000 072 061 100 068 100 061 062 056 060 015 079 023 056 017 015 017 056 034 078 042 069 036 035 035 087 074 104 082 115 078 074 080 065 012 082 020 058 013 012 012 059 037 080 045 069 041 038 044 255 255 0 
13 01 41.775 080 058 089 059 070 053 058 049 049 000 061 007 054 001 000 000 069 060 096 067 101 059 060 056 063 016 077 025 054 017 016 017 056 034 074 042 064 035 034 035 083 073 098 081 110 076 073 079 072 012 083 020 064 013 012 012 058 037 080 044 065 041 037 044 255 255 0 
13 01 41.775 084 057 090 059 072 052 057 048 050 000 059 007 049 001 000 000 068 060 091 061 101 055 057 053 068 015 084 023 067 017 015 017 057 035 078 042 062 036 035 035 082 074 099 082 107 077 074 080 068 013 084 021 071 013 013 012 063 038 083 045 067 041 039 044 255 255 0 
13 01 41.873 085 057 092 060 083 053 057 049 052 000 059 007 046 001 000 000 065 058 086 065 095 058 058 054 068 016 078 025 067 018 016 017 061 036 077 043 062 037 036 036 082 075 096 084 104 080 076 083 071 014 085 022 074 014 013 013 066 039 088 045 069 042 039 046 255 255 0 
13 01 41.873 088 059 096 061 090 055 059 051 055 000 062 007 043 000 000 000 061 056 084 063 094 055 056 052 067 015 083 024 068 016 015 017 061 034 082 042 061 035 034 035 077 073 094 081 094 077 073 079 068 012 081 021 074 013 012 012 065 035 087 045 073 041 036 043 255 255 0 
13 01 41.972 083 058 092 061 093 052 057 049 054 000 062 007 044 000 000 000 060 057 082 063 088 055 057 052 064 015 081 024 070 017 015 016 065 034 084 041 064 035 034 035 077 073 092 080 089 076 073 079 067 012 077 022 073 013 012 012 068 036 090 044 081 040 037 044 255 255 0 
13 01 41.972 082 058 091 061 093 053 058 049 053 000 065 006 043 000 000 000 058 056 079 062 081 054 055 051 060 015 077 024 070 017 015 017 066 035 087 045 076 038 038 038 083 075 095 082 088 077 074 080 060 012 076 021 069 013 012 012 069 038 093 047 090 041 038 045 255 255 0 
13 01 42.068 080 058 090 061 095 053 058 049 054 000 068 007 051 000 000 000 058 057 080 062 078 056 057 053 059 014 074 024 066 016 015 017 066 033 087 042 076 035 034 034 079 073 095 081 084 076 074 080 057 012 073 021 063 013 012 012 069 037 092 046 088 040 037 044 255 255 0 
13 01 42.068 076 059 088 061 092 054 058 049 054 000 071 008 048 000 000 000 059 057 083 061 072 054 056 051 057 014 073 023 069 015 014 015 072 033 087 043 081 035 034 034 083 074 098 080 085 077 074 081 059 012 072 021 060 013 012 013 068 038 090 046 093 040 038 045 255 255 0 
13 01 42.165 076 059 086 062 088 054 058 050 056 000 070 008 056 000 000 000 063 057 084 063 075 056 057 052 056 014 070 023 065 016 014 016 067 034 087 043 085 035 034 034 087 074 103 082 092 077 075 081 058 012 072 020 055 014 012 012 068 038 088 045 094 042 037 045 255 255 0 
13 01 42.165 075 061 088 063 084 056 060 052 058 000 072 007 063 000 000 000 067 057 089 063 077 055 057 053 056 014 070 023 060 015 014 016 064 032 082 043 086 035 034 035 091 072 102 081 097 076 073 079 063 012 070 021 052 013 012 012 065 037 084 046 090 041 038 045 255 255 0 
13 01 42.264 075 060 086 063 078 053 059 050 057 000 069 008 060 000 000 000 069 056 092 064 077 056 057 053 057 013 069 022 055 015 014 015 069 035 081 043 085 036 035 035 092 073 105 081 105 076 073 080 060 012 073 020 049 013 012 012 063 037 082 046 085 041 037 045 255 255 0 
13 01 42.264 075 058 084 061 072 054 058 049 053 000 066 008 059 000 000 000 069 056 093 063 092 055 056 051 057 014 071 023 053 016 014 016 060 034 079 043 080 036 034 035 092 074 106 082 112 077 074 080 064 012 076 020 052 013 012 012 062 037 081 046 080 041 038 045 255 255 0 
13 01 42.362 079 060 087 063 074 056 060 051 056 000 065 008 055 001 000 000 071 056 093 064 090 055 056 051 061 014 072 022 052 016 014 016 058 034 076 042 073 036 034 034 089 072 103 082 112 076 073 079 073 012 078 019 053 013 012 012 060 037 080 046 074 042 038 045 255 255 0 
13 01 42.362 081 058 086 061 071 054 058 049 054 000 062 009 052 000 000 000 071 055 097 063 100 055 056 051 065 014 079 023 055 016 014 015 064 034 077 043 068 036 034 035 088 073 103 083 117 077 073 080 070 012 082 020 061 013 012 012 061 038 080 045 070 041 037 045 255 255 0 
13 01 42.460 084 059 090 061 073 055 059 050 053 000 061 008 046 000 000 000 069 056 091 064 097 055 056 051 065 013 079 022 061 015 014 015 062 033 074 041 063 034 033 034 083 073 098 081 111 075 072 079 070 012 083 021 066 013 012 012 060 036 079 045 066 040 037 044 255 255 0 
13 01 42.460 086 059 092 061 078 055 059 050 050 000 060 008 041 000 000 000 066 056 088 063 102 056 056 051 065 013 081 021 064 015 014 015 062 034 076 041 059 035 034 034 081 072 095 082 105 075 072 079 066 012 083 021 071 014 012 012 063 037 081 043 064 039 036 045 255 255 0 
13 01 42.556 088 059 095 062 087 056 059 050 051 000 060 007 046 001 000 000 064 055 090 063 097 055 055 051 064 013 084 023 072 015 014 015 064 033 078 041 059 034 033 033 078 073 093 081 098 075 073 079 068 012 082 022 072 014 012 012 065 037 086 045 069 041 038 045 255 255 0 
13 01 42.556 087 059 095 063 092 055 059 050 052 000 061 007 044 001 000 000 062 056 082 063 091 056 056 051 062 013 080 022 071 015 014 015 066 033 078 041 059 034 033 034 076 072 090 081 092 076 074 081 062 012 078 022 074 013 012 012 066 038 089 045 076 041 038 045 255 255 0 
13 01 42.654 087 059 093 063 096 056 059 050 056 000 063 008 038 000 000 000 060 055 085 059 078 050 050 046 064 014 081 024 068 015 014 015 072 035 086 043 067 036 035 035 079 075 094 083 092 078 076 083 066 013 078 023 072 013 013 012 069 037 091 045 080 039 037 044 255 255 0 
13 01 42.654 082 059 092 062 095 055 059 049 059 000 066 007 044 000 000 000 057 050 078 058 072 049 050 046 062 014 076 024 067 015 014 014 071 034 087 042 072 035 034 034 079 077 097 084 091 079 077 084 063 012 076 022 069 013 012 012 070 037 092 046 089 040 037 044 255 255 0 
13 01 42.753 079 058 089 061 093 054 058 049 057 000 068 008 047 000 000 000 056 049 077 056 066 048 049 045 058 014 073 024 066 017 015 016 067 033 086 042 080 034 033 033 081 076 097 082 087 078 075 082 060 012 074 021 065 014 012 013 069 036 091 045 091 041 038 046 255 255 0 
13 01 42.753 079 059 087 063 091 054 059 050 058 000 070 008 053 000 000 000 056 050 080 056 064 050 051 046 058 014 071 023 068 016 015 017 066 034 087 043 083 035 033 033 083 075 100 083 090 079 075 082 060 013 074 022 062 014 013 013 068 038 091 047 097 041 038 046 255 255 0 
13 01 42.850 077 060 088 062 085 055 060 050 060 000 072 008 056 000 000 000 061 051 084 057 066 050 051 047 059 015 073 024 058 017 015 017 066 034 087 042 085 034 034 034 087 076 105 083 095 079 076 083 059 012 073 020 055 013 013 012 065 038 089 047 096 042 038 046 255 255 0 
13 01 42.850 076 060 087 063 082 054 060 050 058 000 071 008 057 000 000 000 063 050 087 057 067 048 050 046 056 015 071 024 053 017 015 016 063 033 084 042 086 034 033 034 089 074 106 082 102 078 075 082 061 013 073 020 053 013 013 012 064 038 085 046 091 042 040 047 255 255 0 
13 01 42.947 076 059 086 062 076 056 059 050 059 000 069 008 060 000 000 000 067 051 091 057 076 050 051 047 059 013 070 022 054 017 015 017 063 035 082 043 084 036 034 035 093 074 107 082 110 077 074 081 064 013 075 020 052 013 013 013 064 038 084 047 086 041 038 046 255 255 0 
13 01 42.947 078 059 086 062 074 055 059 050 059 000 066 008 059 001 000 000 069 051 094 059 086 051 051 047 062 014 072 022 053 017 016 017 063 035 079 044 081 036 035 035 093 075 107 083 115 078 075 082 068 012 078 021 055 014 013 013 063 038 081 046 080 042 039 046 255 255 0 
13 01 43.045 079 059 087 061 071 056 059 050 058 000 064 008 056 000 000 000 070 052 095 066 095 057 058 053 064 015 075 024 048 016 016 017 059 033 076 042 070 034 033 033 087 073 103 082 114 075 073 079 069 012 079 021 058 013 012 012 059 036 078 045 072 039 038 045 255 255 0 
13 01 43.045 081 058 086 061 072 054 058 049 054 000 061 008 051 000 000 000 071 057 094 066 098 057 059 054 066 016 074 024 051 017 016 017 058 034 073 042 066 035 034 034 086 074 100 083 117 077 074 080 069 013 083 021 064 013 012 012 060 036 078 045 069 039 037 044 255 255 0 
13 01 43.144 084 059 090 060 073 055 059 049 053 000 060 008 046 000 000 000 068 056 091 066 100 056 059 053 069 015 082 024 058 017 016 017 058 034 076 041 063 034 034 034 082 073 098 081 110 076 073 080 069 012 084 021 068 013 012 012 060 036 080 044 065 039 036 043 255 255 0 
13 01 43.144 084 057 091 059 077 053 057 048 051 000 059 008 040 000 000 000 066 057 088 065 097 056 058 053 067 014 081 023 067 016 014 015 062 033 075 041 058 034 033 033 079 073 095 082 104 075 073 080 067 012 083 021 072 014 012 012 063 036 082 044 065 039 037 045 255 255 0 
13 01 43.240 086 059 094 062 088 055 059 050 053 000 059 007 045 000 000 000 064 059 087 067 096 058 059 055 070 016 079 025 067 017 015 017 060 033 076 040 057 034 033 033 076 074 093 082 099 077 074 081 068 013 082 022 073 013 012 013 065 036 086 044 069 040 037 043 255 255 0 
13 01 43.240 085 059 094 063 095 056 060 051 055 000 061 007 044 000 000 000 061 057 084 065 086 056 058 053 066 014 082 023 073 016 015 015 066 032 080 039 065 033 032 032 074 073 091 080 092 077 074 081 063 012 078 022 075 013 012 012 065 036 088 043 075 039 036 044 255 255 0 
13 01 43.339 084 059 093 062 096 054 059 050 056 000 064 007 046 000 000 000 059 057 082 063 087 057 058 053 064 014 078 025 072 016 015 016 064 033 084 040 066 033 032 031 081 076 095 083 092 078 076 083 065 013 079 023 075 014 013 013 070 038 094 047 088 042 039 046 255 255 0 
13 01 43.339 084 060 094 065 092 057 061 051 060 000 068 008 042 000 000 000 059 058 082 065 076 058 059 055 064 015 078 026 072 017 016 017 066 032 086 041 073 034 033 034 077 075 096 082 086 079 077 084 063 013 076 023 071 014 013 013 071 037 093 048 087 041 038 045 255 255 0 
13 01 43.435 081 059 090 063 096 056 059 050 058 000 070 008 049 000 000 000 059 059 084 067 075 059 060 055 062 016 071 026 068 017 016 017 066 034 086 044 082 035 034 034 080 075 097 083 089 077 075 082 060 013 073 021 065 013 013 013 069 037 092 046 094 041 038 045 255 255 0 
13 01 43.435 077 060 088 062 090 056 060 051 059 000 071 008 054 000 000 000 061 060 086 067 073 060 061 056 055 015 074 025 063 017 015 016 067 034 089 043 083 035 034 034 084 075 102 083 089 077 075 082 060 013 074 022 059 013 013 013 068 036 089 046 093 040 037 044 255 255 0 
13 01 43.533 075 059 086 063 087 057 059 050 061 000 072 009 053 001 000 000 064 057 087 066 070 058 058 054 058 015 072 025 054 017 016 017 065 033 086 044 081 035 034 034 087 075 105 083 093 079 077 084 061 013 074 022 055 014 013 013 066 037 087 047 089 040 037 044 255 255 0 
13 01 43.533 075 060 087 064 076 057 060 051 060 000 071 010 053 001 000 000 067 060 094 067 074 059 060 055 060 016 068 026 052 019 017 018 065 034 082 044 083 036 034 034 090 074 106 081 098 076 075 082 061 013 074 022 051 014 013 013 064 036 083 046 086 041 037 045 255 255 0 
13 01 43.630 075 059 085 062 076 056 059 050 057 000 068 010 061 001 000 000 070 059 096 065 083 059 060 055 060 015 073 026 050 018 016 018 063 033 080 042 078 034 033 033 090 074 107 083 109 077 076 083 064 013 076 022 052 013 013 013 063 037 083 046 082 040 038 045 255 255 0 
13 01 43.630 077 060 087 064 068 056 060 051 056 000 067 009 060 001 000 000 071 060 098 067 094 059 060 055 062 016 071 025 049 017 016 018 060 033 076 042 076 035 034 034 090 075 106 082 115 077 074 081 067 013 078 022 057 013 013 013 061 036 080 046 078 041 037 044 255 255 0 
13 01 43.729 078 059 088 061 070 055 059 050 054 000 064 008 055 001 000 000 071 059 098 067 098 059 059 054 061 016 072 024 049 017 015 017 057 032 073 042 069 034 033 032 086 076 105 084 118 078 074 082 068 013 082 022 060 013 013 013 059 036 079 046 073 040 037 045 255 255 0 
13 01 43.729 082 060 089 062 073 056 060 051 053 000 063 009 051 001 000 000 070 060 099 068 102 060 061 055 067 015 081 024 051 016 015 017 055 034 077 042 066 035 034 034 084 074 103 085 120 077 074 081 065 013 085 022 064 014 013 012 058 035 078 044 066 038 035 043 255 255 0 
