17 28 46.280 000 000 001 002 114 104 000 000 000 000 000 003 045 073 000 000 003 002 003 009 073 088 002 005 004 004 005 013 119 117 004 026 007 006 008 009 043 084 006 008 015 011 012 012 058 085 010 012 097 084 078 099 165 144 086 067 092 092 085 093 117 128 093 095 255 255 0 
17 28 46.280 000 000 000 041 125 115 003 005 000 000 000 024 045 082 000 000 003 003 003 036 067 088 002 015 004 004 005 059 138 120 003 008 004 003 005 038 084 098 003 004 017 010 012 040 054 086 010 012 100 088 080 109 164 144 092 067 097 094 086 110 161 145 091 088 255 255 0 
17 28 46.394 003 003 000 044 134 123 000 000 000 000 000 023 072 098 000 000 003 001 003 008 047 089 002 003 006 002 004 005 128 123 002 007 005 005 008 007 110 121 006 009 012 009 011 010 047 095 009 010 097 083 080 064 122 133 086 073 097 096 087 082 165 157 097 100 255 255 0 
17 28 46.394 000 000 000 001 112 114 000 020 000 000 000 000 081 102 000 006 001 001 002 002 046 070 001 039 002 002 004 004 108 091 002 007 002 002 003 003 125 106 004 006 012 009 010 009 044 070 009 011 096 082 081 068 105 105 084 072 099 095 089 086 174 145 097 106 255 255 0 
17 28 46.493 000 000 000 000 094 090 000 000 000 000 000 000 107 103 000 000 001 001 002 001 041 075 001 027 002 003 004 004 082 094 002 017 005 004 007 009 133 125 005 006 014 010 013 032 056 092 010 013 099 085 082 074 088 109 086 096 098 094 088 109 177 149 095 095 255 255 0 
17 28 46.493 000 000 000 014 085 097 000 011 001 000 001 002 129 122 000 003 002 001 002 001 042 086 001 017 003 002 002 005 064 089 001 007 004 004 007 006 141 128 006 009 014 010 011 010 076 106 010 013 102 087 081 069 081 110 088 072 095 093 088 081 154 144 092 096 255 255 0 
17 28 46.592 000 000 000 000 061 090 000 010 000 000 000 000 127 124 000 021 002 002 003 002 057 094 002 028 000 000 000 000 046 087 000 029 004 004 008 008 129 123 006 032 015 010 011 009 100 114 009 027 101 086 080 064 065 106 089 086 091 094 088 084 134 137 097 107 255 255 0 
17 28 46.592 000 000 000 002 053 084 000 000 000 000 000 010 133 122 000 000 001 000 001 009 090 106 001 001 000 000 000 006 054 088 000 001 003 000 001 005 115 118 002 008 013 010 012 011 128 126 009 012 105 093 089 074 076 115 097 085 094 093 080 071 109 125 091 074 255 255 0 
17 28 46.708 000 000 000 000 042 077 000 000 000 000 000 000 107 110 000 024 000 000 000 000 065 104 000 005 002 002 004 004 045 035 003 013 008 009 012 011 082 055 009 015 028 020 020 031 095 088 019 022 107 096 090 096 069 089 098 087 089 092 087 078 091 096 096 085 255 255 0 
17 28 46.708 000 000 000 025 049 067 000 022 001 001 002 049 093 098 001 019 000 000 000 044 081 109 000 012 002 002 004 032 045 083 004 026 008 009 015 034 069 094 008 033 028 018 018 033 111 125 020 048 116 099 096 087 086 122 102 105 083 089 088 090 078 111 087 101 255 255 0 
17 28 46.708 000 000 000 019 046 078 000 020 000 000 000 023 075 093 000 042 000 000 000 028 089 115 000 023 001 000 001 021 048 085 000 024 009 009 011 028 059 086 010 034 022 020 021 042 124 124 024 050 130 121 110 108 121 134 126 115 081 085 081 087 077 107 095 112 255 255 0 
17 28 46.810 000 000 000 001 040 073 000 018 002 001 001 003 058 079 001 026 000 000 000 002 109 113 000 021 000 000 000 002 050 088 000 018 004 005 008 006 054 080 006 027 032 023 026 028 115 119 023 050 119 119 116 096 127 145 124 108 089 084 079 073 061 105 085 095 255 255 0 
17 28 46.810 000 000 000 008 037 076 000 015 000 000 000 013 053 073 000 019 000 000 000 014 114 108 000 023 000 000 001 010 066 096 000 014 006 006 008 017 047 079 005 024 030 020 023 063 113 108 021 044 112 105 112 121 144 145 111 109 085 080 077 082 062 104 088 086 255 255 0 
17 28 46.925 000 000 000 012 057 083 000 012 000 000 000 013 051 068 000 016 000 000 000 030 086 096 000 015 002 002 003 027 081 102 004 020 006 007 010 025 047 080 007 024 030 023 029 045 080 096 021 044 117 118 116 109 151 153 123 111 099 097 093 099 085 120 101 100 255 255 0 
17 28 46.925 000 000 000 012 066 095 000 008 000 001 001 009 042 068 000 011 000 000 000 013 074 086 000 014 002 002 007 033 084 113 006 024 007 007 009 029 051 085 007 023 023 017 018 042 063 091 016 036 113 115 101 098 145 146 115 101 099 096 091 095 105 123 098 096 255 255 0 
17 28 47.023 000 000 000 012 074 104 000 009 000 000 000 009 040 074 000 010 000 000 000 012 060 081 000 013 003 003 005 021 089 112 003 019 005 006 009 018 042 067 007 020 022 017 016 030 059 070 022 038 117 121 107 105 149 135 122 107 100 097 095 101 124 133 102 100 255 255 0 
17 28 47.023 001 000 000 029 080 103 000 007 000 000 000 021 046 083 000 005 000 000 000 019 051 080 000 009 005 004 005 030 090 113 004 018 007 007 008 014 063 105 006 017 027 021 025 032 050 088 025 038 112 114 103 104 136 134 118 106 097 094 091 103 138 142 098 094 255 255 0 
17 28 47.145 001 000 000 054 092 106 000 008 000 000 000 035 055 095 000 007 000 000 000 028 052 079 000 011 003 002 004 052 092 098 003 017 010 010 013 064 084 070 010 022 029 023 026 044 055 056 024 037 115 117 109 116 125 109 120 109 097 093 087 118 143 136 095 092 255 255 0 
17 28 47.145 000 000 000 043 085 081 000 007 000 000 000 035 067 084 000 003 000 000 000 012 045 063 000 004 003 003 005 015 085 088 003 016 008 008 010 013 086 107 008 019 023 020 021 025 046 084 021 034 117 120 112 099 109 117 124 114 100 096 094 096 138 141 097 098 255 255 0 
17 28 47.145 000 000 000 001 071 089 000 018 002 002 003 004 076 105 002 019 000 000 000 000 036 074 000 017 000 000 003 005 063 087 002 029 008 009 011 011 088 113 006 033 028 021 023 023 049 091 022 047 115 117 108 096 094 113 120 116 094 088 083 083 139 138 090 098 255 255 0 
17 28 47.247 000 000 000 000 059 077 000 024 001 000 000 001 073 102 002 025 000 000 000 000 035 076 000 019 001 002 003 004 050 075 002 027 006 006 008 008 085 109 007 031 026 020 020 019 061 101 021 044 114 112 103 088 082 107 116 115 095 089 083 086 136 127 093 104 255 255 0 
17 28 47.247 000 000 000 000 049 069 000 021 002 001 002 003 084 102 001 024 000 000 000 000 036 078 000 018 000 000 000 000 041 066 000 021 006 005 006 007 088 098 007 036 027 020 023 024 076 104 021 045 115 113 102 091 083 103 114 110 091 089 079 081 110 118 090 100 255 255 0 
17 28 47.361 000 000 000 000 041 065 000 023 002 001 002 004 083 097 001 027 000 000 000 000 053 088 000 017 000 000 000 000 038 067 000 021 005 005 006 007 086 094 005 036 022 012 013 015 091 109 014 041 120 117 105 099 088 107 120 112 099 096 085 090 097 107 100 109 255 255 0 
17 28 47.361 000 000 000 000 040 058 000 024 002 002 003 006 086 092 003 033 000 000 000 005 074 097 000 020 000 000 000 000 040 066 000 023 005 006 008 017 067 084 006 036 027 021 020 028 137 118 016 044 108 110 102 097 083 113 111 111 095 094 080 092 081 102 095 105 255 255 0 
17 28 47.459 000 000 000 011 046 066 000 023 000 000 001 026 077 088 001 027 000 000 000 024 099 108 000 021 000 000 000 017 044 077 000 018 006 006 008 027 061 082 006 035 027 021 020 046 135 126 021 049 109 113 104 098 115 131 118 108 102 096 085 094 077 108 097 103 255 255 0 
17 28 47.459 000 000 000 000 050 075 000 025 002 002 003 005 063 085 003 039 000 000 000 001 129 114 000 029 000 000 000 000 067 088 000 024 007 006 009 008 045 079 006 041 031 023 025 024 123 118 019 053 114 120 109 091 156 145 121 102 104 095 085 091 072 107 098 103 255 255 0 
17 28 47.574 000 000 000 000 065 077 000 021 000 000 000 000 046 076 002 030 000 000 000 001 123 109 000 027 000 000 000 000 095 095 000 021 008 010 011 010 049 072 008 034 024 019 019 020 107 104 019 047 103 111 099 084 172 146 114 100 103 100 090 090 081 108 101 105 255 255 0 
17 28 47.574 000 000 000 000 087 071 000 021 000 000 003 002 048 058 002 030 000 000 000 000 100 088 000 028 000 000 000 000 117 090 000 020 009 011 013 011 048 057 010 033 024 021 021 020 080 078 018 047 104 107 100 091 175 138 111 109 104 097 089 088 091 108 098 100 255 255 0 
17 28 47.672 000 000 000 028 118 073 000 018 000 000 000 020 051 054 000 023 000 000 000 028 095 083 000 025 000 000 000 030 141 084 000 020 004 006 008 026 058 053 006 032 025 019 021 038 075 072 020 049 104 107 103 100 182 140 110 113 106 099 093 093 123 118 102 104 255 255 0 
17 28 47.672 000 000 000 000 117 066 000 017 002 003 004 004 046 047 002 022 000 000 000 000 057 054 000 024 000 000 000 000 125 079 000 019 003 003 005 005 070 057 004 027 022 017 014 015 059 060 011 040 110 111 105 105 170 130 113 114 102 097 093 095 153 119 100 100 255 255 0 
17 28 47.788 001 000 000 035 130 077 000 019 003 002 003 022 066 050 001 019 000 000 000 018 053 054 000 021 000 000 000 005 130 076 000 021 005 005 007 011 101 056 006 027 018 014 016 019 053 053 014 038 111 107 107 093 148 117 108 114 099 098 092 090 165 130 100 099 255 255 0 
17 28 47.788 000 000 001 002 117 070 000 021 003 003 004 004 080 055 003 020 000 000 005 005 051 052 003 024 000 000 000 003 112 064 000 022 007 008 010 012 122 061 007 027 006 007 007 008 044 041 009 030 109 102 103 089 121 101 105 107 096 094 086 085 172 131 096 095 255 255 0 
17 28 47.788 000 000 000 044 117 079 000 018 003 002 004 042 116 069 003 019 000 000 000 019 051 047 000 016 000 000 000 000 086 072 000 019 011 011 016 015 142 099 009 030 008 006 008 007 057 064 009 029 113 103 099 083 104 100 107 109 095 094 088 086 173 137 097 100 255 255 0 
17 28 47.889 000 000 001 002 082 061 001 027 004 004 006 006 129 086 004 028 000 000 000 000 039 060 000 024 000 000 000 000 061 074 000 028 009 007 009 008 130 098 009 034 008 005 006 005 059 055 005 024 116 100 096 080 085 089 104 105 092 093 085 081 159 130 094 097 255 255 0 
17 28 47.889 000 000 000 001 066 049 000 027 003 002 004 003 129 075 002 023 000 000 000 000 048 043 000 014 000 000 000 000 048 049 000 009 010 010 012 013 139 096 007 019 011 008 010 010 092 075 008 033 117 105 101 085 086 092 107 104 090 092 086 088 139 123 097 094 255 255 0 
17 28 48.003 000 000 001 001 056 052 000 010 002 001 002 003 132 095 002 010 002 002 003 002 076 071 002 004 000 000 000 000 044 061 000 008 008 008 011 017 121 098 008 019 004 007 009 014 119 093 009 013 117 107 104 095 092 096 107 101 092 093 086 096 122 113 096 082 255 255 0 
17 28 48.003 000 000 001 006 055 051 000 005 002 001 002 004 129 091 002 006 003 003 003 009 107 080 002 007 000 001 001 006 054 060 000 003 008 008 010 018 103 092 007 014 007 005 006 016 129 091 005 007 116 100 099 088 084 092 102 097 093 094 088 083 097 098 094 079 255 255 0 
17 28 48.100 000 000 001 000 045 044 000 007 002 001 002 002 105 079 002 004 001 002 003 003 126 087 001 002 000 000 001 001 043 056 000 021 007 006 009 006 080 075 005 039 007 005 005 005 135 099 005 015 112 098 096 080 095 099 100 100 095 091 082 077 084 096 093 088 255 255 0 
17 28 48.100 000 000 000 000 051 042 000 007 002 002 003 003 086 075 002 014 000 000 000 000 130 093 002 006 000 000 001 001 049 057 000 004 004 004 005 004 060 067 003 008 007 004 005 005 137 100 005 010 113 099 098 082 123 109 100 104 091 090 085 079 080 091 092 096 255 255 0 
17 28 48.221 000 000 001 000 060 058 000 022 002 002 003 004 068 073 002 024 005 004 004 006 141 106 003 019 000 000 000 000 064 068 000 011 007 006 008 007 056 065 005 027 006 004 006 006 128 101 005 020 112 101 105 091 153 127 103 111 098 095 091 088 072 095 096 091 255 255 0 
17 28 48.221 000 000 001 000 069 069 000 004 002 002 005 004 053 070 003 027 004 003 005 005 134 109 004 022 000 000 000 000 095 087 000 015 003 006 008 006 054 071 006 024 006 005 006 007 108 098 005 022 110 102 103 089 172 140 102 106 096 094 091 086 083 105 097 091 255 255 0 
17 28 48.221 000 000 000 000 088 070 000 002 002 002 003 003 049 060 003 018 000 000 000 000 107 091 000 010 000 000 000 000 111 091 000 001 009 008 010 009 045 067 009 017 010 008 010 009 078 088 008 019 113 102 103 090 175 148 105 109 094 097 090 089 088 108 098 089 255 255 0 
17 28 48.323 000 000 000 000 107 088 000 009 002 002 002 002 045 065 002 004 000 002 003 003 088 087 003 009 000 000 000 000 125 106 000 020 007 007 009 009 046 074 007 032 009 006 008 008 057 077 007 041 114 103 103 091 176 142 103 118 095 095 090 086 114 117 095 095 255 255 0 
17 28 48.323 000 000 000 000 117 099 000 021 001 001 002 001 042 066 001 012 004 005 007 006 069 082 005 009 000 000 000 000 122 104 000 000 007 007 010 009 059 078 007 010 009 006 009 008 048 070 007 014 112 103 103 092 168 136 105 108 096 094 089 086 140 128 095 081 255 255 0 
17 28 48.437 000 000 000 000 114 098 000 000 002 002 002 002 046 072 002 003 002 002 003 003 054 075 002 013 000 000 000 000 119 108 000 000 008 007 010 010 082 090 008 012 014 010 009 018 051 073 008 012 113 105 103 096 147 132 106 108 093 093 086 086 158 140 096 084 255 255 0 
17 28 48.437 000 000 000 001 115 102 000 001 000 000 000 000 066 078 000 000 003 003 004 005 053 071 003 006 000 000 000 000 109 103 000 000 007 007 009 010 109 105 007 010 011 008 010 010 046 078 011 015 113 104 096 094 129 123 106 093 098 094 088 087 172 147 097 094 255 255 0 
17 28 48.535 000 000 001 001 103 100 000 001 002 002 003 004 097 092 001 003 001 001 001 002 047 072 002 004 000 000 000 000 089 092 000 000 005 005 007 008 124 111 006 009 016 011 011 011 047 079 011 015 114 105 101 090 105 113 107 097 102 098 093 092 171 144 098 098 255 255 0 
17 28 48.535 000 000 000 001 085 086 000 003 004 003 006 005 126 105 004 011 000 000 000 000 039 071 000 004 000 000 000 000 063 083 000 005 004 004 007 007 138 111 006 011 006 004 005 004 062 081 010 014 110 104 099 092 094 107 107 097 099 097 095 094 170 141 099 094 255 255 0 
17 28 48.649 000 000 000 001 068 074 000 002 005 004 006 006 135 109 004 009 002 002 003 003 055 078 003 004 000 000 000 000 051 075 000 002 006 006 011 035 141 115 008 015 016 012 013 015 096 091 012 023 110 100 096 093 087 103 100 103 099 095 089 103 157 136 097 095 255 255 0 
17 28 48.649 000 000 001 002 057 065 000 005 003 003 004 018 135 106 003 007 000 002 003 004 073 078 002 005 000 000 000 000 046 068 000 002 006 006 009 010 124 108 007 012 017 012 013 012 114 101 012 014 102 095 089 075 075 098 097 085 099 096 087 087 130 122 098 091 255 255 0 
17 28 48.747 000 000 000 000 046 061 001 003 002 002 003 003 126 104 002 005 003 003 007 006 109 096 004 014 000 000 000 000 042 067 000 008 006 007 010 010 100 098 008 020 017 014 016 015 140 113 014 028 106 101 093 079 092 105 103 104 099 098 088 088 102 115 103 107 255 255 0 
17 28 48.747 000 000 001 007 057 057 000 014 002 001 002 010 112 091 001 009 005 005 007 020 132 102 005 012 000 000 000 015 053 068 000 005 006 007 010 024 082 087 007 019 015 010 011 035 142 116 013 017 108 103 093 087 108 111 105 090 092 094 086 094 100 109 095 088 255 255 0 
17 28 48.860 000 000 000 016 056 058 000 011 002 002 002 024 095 089 002 013 004 005 004 027 143 110 003 010 000 000 000 012 057 068 000 006 008 008 010 029 072 077 009 024 010 012 012 034 143 114 012 027 113 105 095 097 121 116 108 097 095 096 088 091 084 103 098 097 255 255 0 
17 28 48.860 000 000 001 002 063 063 000 009 002 002 003 006 077 078 001 011 000 000 000 001 133 106 000 007 000 000 000 000 061 075 000 005 007 007 009 016 050 070 007 017 007 005 005 021 130 105 005 010 116 107 095 098 150 130 111 094 092 093 085 092 079 105 095 091 255 255 0 
17 28 48.860 000 000 000 012 077 071 000 003 000 000 000 016 054 071 000 004 000 000 000 019 135 107 000 003 000 000 000 009 094 088 000 000 010 010 012 012 052 074 010 018 004 002 003 004 107 099 006 011 123 114 097 084 169 138 116 097 086 089 081 078 080 099 091 084 255 255 0 
17 28 48.962 000 000 000 000 086 080 000 003 000 000 000 000 045 067 000 002 000 000 000 000 106 097 000 003 000 000 000 000 108 096 000 000 011 011 012 013 051 072 012 019 005 004 004 005 084 090 008 012 118 113 095 085 175 148 112 092 090 086 080 078 093 112 090 086 255 255 0 
17 28 48.962 000 001 001 002 105 088 001 004 000 000 000 000 042 063 000 002 003 003 003 009 091 090 003 008 000 000 000 000 122 102 000 001 006 008 010 015 057 072 009 026 015 012 012 022 073 082 012 031 116 112 094 102 182 147 113 097 087 088 082 083 105 115 089 092 255 255 0 
17 28 49.077 001 001 001 005 125 099 001 001 000 000 000 000 039 069 000 000 001 002 003 009 066 082 003 006 000 000 000 002 127 111 000 002 006 008 010 014 070 084 009 014 008 008 008 015 061 080 012 015 119 114 095 101 175 147 114 091 086 084 078 077 136 126 086 082 255 255 0 
17 28 49.077 001 001 001 007 127 107 001 003 000 000 000 002 050 071 000 002 000 000 000 005 059 073 000 005 000 000 000 005 134 108 000 002 005 007 009 019 094 093 008 014 010 007 007 019 054 076 008 014 118 112 094 101 158 138 115 097 088 086 081 085 158 140 087 082 255 255 0 
17 28 49.175 001 001 001 013 124 106 001 006 000 000 000 004 070 082 000 001 000 001 002 011 051 072 002 007 000 000 000 009 117 105 000 007 006 008 011 020 118 105 008 011 008 007 007 016 045 076 007 010 116 114 095 100 134 128 115 095 089 085 083 087 172 146 087 083 255 255 0 
17 28 49.175 001 001 001 015 116 101 001 004 000 000 000 007 104 089 000 000 003 003 003 013 054 072 003 006 000 000 000 010 099 094 000 002 007 008 010 023 141 112 008 011 011 008 009 019 054 078 009 012 114 113 096 097 111 118 116 096 088 087 083 089 164 143 088 083 255 255 0 
17 28 49.294 001 001 001 026 096 082 001 004 000 000 000 015 123 090 000 000 000 000 000 015 052 062 000 000 000 000 000 016 077 080 000 001 005 007 009 036 143 111 008 011 010 010 010 026 065 075 010 012 116 113 097 106 103 107 115 094 092 088 080 096 163 137 090 080 255 255 0 
17 28 49.294 000 001 001 023 084 074 001 015 000 000 000 020 135 100 000 014 000 000 003 024 056 064 004 030 000 000 000 019 063 072 000 018 005 006 007 036 145 107 008 011 010 007 008 030 095 088 009 011 115 112 094 105 093 104 111 091 090 089 079 104 151 135 092 085 255 255 0 
17 28 49.294 001 001 001 020 068 068 001 012 000 000 000 022 139 100 000 009 004 004 005 030 080 074 004 008 000 000 000 021 059 067 000 002 005 006 008 042 137 106 006 011 010 007 009 038 122 098 009 026 113 110 094 100 092 101 111 101 091 088 080 096 130 122 090 093 255 255 0 
17 28 49.395 001 001 001 024 053 064 001 021 000 000 000 031 140 104 000 016 003 003 003 021 109 091 003 017 000 000 000 021 056 067 000 013 005 006 009 044 119 103 007 029 015 013 013 044 144 109 013 025 110 108 094 096 088 099 109 097 096 093 087 086 112 110 095 087 255 255 0 
17 28 49.395 001 001 002 006 057 059 001 026 000 000 000 008 114 094 000 022 004 004 004 006 123 098 003 020 000 000 000 001 042 065 000 014 006 007 009 019 088 087 007 021 023 017 018 026 141 117 017 042 110 107 093 081 093 108 106 093 090 088 082 082 089 105 090 092 255 255 0 
17 28 49.509 001 001 001 005 057 062 001 021 000 000 000 004 096 086 000 022 001 001 003 009 134 109 001 011 000 000 000 006 055 075 000 002 005 006 009 022 074 083 007 012 021 015 016 023 149 119 015 019 109 105 088 078 118 118 107 086 093 092 086 091 086 106 093 088 255 255 0 
17 28 49.509 000 000 001 003 064 061 000 022 000 000 000 000 071 080 000 006 000 000 000 001 131 107 000 000 000 000 000 000 058 075 000 001 009 009 011 010 054 077 010 015 017 013 015 015 137 113 017 021 111 107 089 074 135 129 109 084 093 091 083 078 078 105 091 081 255 255 0 
17 28 49.607 001 001 001 001 070 075 001 003 000 000 000 000 053 074 000 001 002 002 002 003 132 108 002 003 000 000 000 000 085 087 000 001 008 009 011 010 050 072 009 014 018 014 014 018 110 107 015 019 108 100 084 084 159 140 101 078 091 089 080 080 071 107 092 089 255 255 0 
17 28 49.607 001 001 001 001 083 075 001 024 000 000 000 000 045 067 000 032 000 000 000 002 116 103 000 044 000 000 000 000 107 095 000 018 004 005 007 006 052 070 005 014 016 013 013 015 099 096 013 017 105 096 082 072 163 139 099 078 094 092 084 079 089 105 094 087 255 255 0 
17 28 49.721 001 001 001 002 102 088 001 003 000 000 000 000 042 063 000 000 000 000 000 007 099 090 000 003 000 000 000 007 136 100 000 001 007 008 010 017 051 069 008 014 020 013 014 020 073 082 014 020 103 090 079 076 169 134 093 078 091 089 082 077 102 112 091 090 255 255 0 
17 28 49.721 001 001 001 005 124 096 001 022 000 000 000 000 039 066 000 022 000 000 000 001 069 082 000 028 001 000 000 002 127 106 000 022 006 007 010 012 062 077 007 032 019 014 015 022 065 077 014 036 103 090 081 084 171 136 095 098 091 089 083 079 132 121 090 082 255 255 0 
17 28 49.818 001 001 001 003 121 095 000 003 000 000 000 000 042 061 000 000 000 000 000 000 053 068 000 001 000 000 000 001 127 103 000 002 005 005 007 009 083 079 006 009 018 013 014 022 059 072 014 018 105 094 085 086 157 131 095 083 093 089 084 082 152 131 093 085 255 255 0 
17 28 49.818 001 001 001 002 118 098 001 002 000 000 000 000 057 069 000 000 000 000 000 000 045 064 000 002 000 000 001 002 118 102 000 002 005 006 008 007 113 094 006 009 016 013 013 014 054 074 013 016 105 092 084 074 128 118 095 082 094 089 082 080 159 142 091 087 255 255 0 
17 28 49.932 001 001 001 003 109 094 000 002 000 000 000 000 085 079 000 000 000 000 000 000 042 060 000 001 000 000 001 002 100 091 000 003 004 004 007 010 123 099 007 010 017 013 013 023 056 069 013 017 106 092 083 090 113 108 094 081 092 091 084 084 168 137 092 086 255 255 0 
17 28 49.932 000 000 001 002 092 085 000 003 000 000 000 000 106 089 000 000 000 000 000 000 038 063 000 000 000 000 001 002 074 080 000 003 006 006 008 014 137 106 006 011 017 013 014 023 068 077 013 016 110 094 086 092 101 104 095 086 088 087 081 079 170 139 088 085 255 255 0 
17 28 49.932 000 000 000 002 074 074 000 003 000 000 000 000 119 101 000 000 000 000 000 000 039 070 002 003 000 000 001 002 059 076 000 025 003 006 008 015 141 113 006 011 015 011 012 024 077 090 012 015 113 095 086 096 085 103 097 085 087 087 082 079 156 136 089 084 255 255 0 
17 28 50.033 000 000 001 014 069 075 000 003 000 000 000 002 128 104 000 000 000 000 000 001 060 075 000 000 000 000 000 003 050 070 000 003 004 005 006 019 129 108 004 008 014 010 012 030 115 100 012 017 110 093 083 095 090 100 095 085 089 087 083 090 133 127 088 087 255 255 0 
17 28 50.033 000 000 000 010 055 069 000 004 000 000 000 008 127 110 000 001 000 000 000 008 085 088 000 001 000 000 000 016 047 073 000 003 006 006 008 035 118 109 008 013 015 011 012 039 137 112 011 014 112 094 084 088 081 100 096 081 089 088 084 090 112 113 088 085 255 255 0 
17 28 50.151 000 000 001 015 059 062 000 004 000 000 000 020 123 100 000 001 000 000 000 023 128 097 000 000 000 000 000 019 049 067 000 003 005 005 008 035 098 092 006 012 013 009 010 047 151 121 010 014 113 095 083 089 097 106 096 082 087 084 080 086 101 110 086 086 255 255 0 
17 28 50.151 000 000 001 019 060 062 000 005 000 000 000 025 104 089 000 007 000 000 000 022 142 104 000 011 000 000 000 017 051 069 000 012 008 008 010 040 075 085 008 022 015 011 012 050 147 117 011 022 113 096 084 090 106 111 096 086 088 085 081 086 089 101 087 090 255 255 0 
17 28 50.249 000 000 000 018 065 054 000 031 000 000 000 026 085 074 000 031 000 000 000 029 146 097 000 029 000 000 000 012 068 065 000 026 007 007 010 035 064 069 008 044 014 010 011 039 147 103 011 044 112 096 084 091 140 112 097 090 087 084 081 083 079 095 084 099 255 255 0 
17 28 50.249 000 000 000 016 070 049 000 027 000 000 000 016 062 060 000 033 000 000 000 022 140 082 000 034 000 000 000 017 086 057 000 027 008 008 011 031 063 059 008 037 015 010 012 032 121 088 010 042 112 095 085 088 152 108 095 093 086 082 079 084 078 087 085 096 255 255 0 
17 28 50.363 000 000 000 003 083 040 000 019 000 000 000 004 051 044 000 025 000 000 000 004 121 072 000 025 000 000 000 001 105 057 000 018 004 005 007 020 052 046 005 035 010 010 012 026 099 071 011 043 113 095 088 087 176 112 097 092 088 086 083 083 087 090 087 098 255 255 0 
17 28 50.363 000 000 000 009 100 045 000 021 000 000 000 011 052 038 000 026 000 000 000 020 109 062 000 031 000 000 000 022 135 056 000 023 003 005 008 022 057 033 006 038 015 010 012 031 087 062 011 046 113 097 087 103 183 117 099 100 090 086 084 084 104 090 087 097 255 255 0 
17 28 50.363 000 000 001 025 120 085 000 021 000 000 000 015 054 064 000 026 000 000 000 024 081 081 000 031 000 000 001 027 137 104 000 022 004 005 007 026 066 076 006 032 016 012 013 038 074 081 012 045 111 097 086 100 175 142 098 097 090 085 084 087 132 125 088 091 255 255 0 
17 28 50.464 000 000 000 014 126 103 000 022 000 000 000 010 049 068 000 020 000 000 000 009 059 074 000 028 000 000 001 014 138 106 000 026 005 006 008 014 087 087 005 030 011 008 009 018 053 077 008 033 113 098 089 098 157 137 100 100 091 086 083 082 146 132 088 089 255 255 0 
17 28 50.464 000 000 001 003 118 102 000 014 000 000 000 000 054 076 000 013 001 001 002 006 055 075 002 020 000 000 001 004 124 106 000 017 006 006 009 015 114 096 007 019 011 008 009 017 049 072 009 021 109 094 084 092 137 122 097 083 087 083 079 081 161 135 084 078 255 255 0 
17 28 50.579 000 000 000 019 117 099 000 002 000 000 000 007 092 084 000 000 001 001 002 015 058 070 001 004 000 000 000 014 115 099 000 002 008 008 011 031 137 106 008 012 009 007 008 023 058 076 007 010 109 094 082 096 117 117 096 078 090 084 079 086 171 142 086 080 255 255 0 
17 28 50.579 000 000 000 007 104 090 000 001 000 000 000 001 105 089 000 000 001 001 001 004 047 069 002 003 000 000 000 005 086 089 000 002 004 004 005 012 133 110 004 006 011 007 008 022 063 081 008 011 108 096 085 097 102 111 097 081 094 087 083 090 167 143 089 085 255 255 0 
17 28 50.676 000 000 000 011 082 081 000 003 000 000 000 010 124 098 000 000 001 001 002 007 053 070 001 003 000 000 000 016 064 077 000 002 004 004 005 026 138 106 004 008 010 007 008 024 071 084 007 010 109 094 084 099 092 103 096 081 092 086 082 103 168 135 088 085 255 255 0 
17 28 50.676 000 000 000 027 071 074 000 004 000 000 000 031 142 103 000 001 001 001 001 021 071 076 001 003 000 000 000 021 061 074 000 004 004 004 006 044 143 111 004 011 011 007 009 035 111 097 008 012 110 092 085 092 088 100 093 086 092 085 083 105 139 127 087 091 255 255 0 
17 28 50.790 000 000 000 023 067 064 000 007 000 000 000 031 145 097 000 003 000 000 000 018 090 077 000 003 000 000 000 021 058 066 000 005 005 004 006 040 121 099 004 011 011 007 009 036 129 098 008 012 108 093 083 091 086 100 094 085 092 086 082 099 121 118 088 089 255 255 0 
17 28 50.790 000 000 000 022 060 059 000 003 000 000 000 035 129 094 000 002 000 000 000 029 122 089 001 002 000 000 000 020 052 066 000 003 005 004 006 043 104 090 004 010 011 007 009 042 142 110 011 016 106 092 081 088 092 103 094 081 092 086 081 093 105 108 088 086 255 255 0 
17 28 50.888 000 000 001 020 061 062 000 002 000 000 000 025 107 092 000 000 000 000 000 023 139 103 000 000 000 000 001 015 059 072 000 002 005 004 006 032 078 088 005 007 017 012 014 045 149 120 013 016 107 095 083 094 114 115 096 083 090 084 080 087 097 109 088 086 255 255 0 
17 28 50.888 000 000 000 014 069 066 000 011 000 000 000 020 091 079 000 005 000 000 000 020 141 086 000 004 000 000 001 017 063 058 000 004 004 004 005 027 066 067 004 007 010 007 008 039 147 107 006 009 113 097 088 098 139 121 099 087 092 087 083 092 089 102 089 097 255 255 0 
17 28 51.001 000 000 000 015 076 046 000 024 000 000 000 020 075 062 000 051 000 000 000 025 136 083 000 001 001 001 001 018 082 057 001 006 004 004 005 028 058 046 004 012 009 006 007 035 126 084 007 023 112 097 086 103 162 114 099 089 093 087 085 091 085 094 089 094 255 255 0 
17 28 51.001 000 000 000 016 076 040 000 009 000 000 000 017 054 052 000 007 000 000 000 029 132 097 000 009 001 001 002 024 109 075 001 004 008 007 010 030 059 054 008 015 009 007 007 037 092 068 008 012 114 098 088 104 125 095 100 089 091 087 087 094 082 092 090 090 255 255 0 
17 28 51.001 000 000 000 018 068 012 000 001 000 000 000 018 050 012 000 021 000 000 001 029 106 052 000 005 001 001 001 022 115 062 000 002 006 006 008 024 046 046 006 010 009 006 008 032 070 064 008 013 116 099 088 111 141 116 101 085 086 085 080 082 072 088 085 083 255 255 0 
17 28 51.103 000 000 000 016 060 024 000 000 000 000 000 006 048 022 000 000 002 002 002 027 077 045 002 005 001 001 001 022 082 045 000 003 006 006 009 025 046 034 007 011 010 007 008 027 061 050 008 011 118 097 084 108 143 110 099 085 085 084 080 082 090 085 085 083 255 255 0 
17 28 51.103 000 000 000 012 085 072 000 000 002 002 004 020 050 057 003 005 001 001 001 019 064 068 001 003 002 002 003 027 114 103 002 006 005 006 008 025 057 081 006 011 006 005 006 026 053 075 005 007 118 099 087 113 151 137 098 086 083 082 080 087 136 127 085 084 255 255 0 
17 28 51.220 000 000 000 011 095 100 000 000 000 000 000 003 044 076 000 000 000 000 000 007 056 073 000 000 002 002 003 018 101 109 002 007 008 009 011 033 071 101 010 017 008 005 006 025 052 081 006 010 116 098 086 109 144 131 100 086 086 081 080 086 137 135 085 082 255 255 0 
17 28 51.220 000 000 000 010 090 100 000 000 000 000 000 006 054 085 000 000 003 002 003 019 051 074 003 005 002 002 003 017 084 102 002 007 009 008 011 025 074 105 008 013 010 006 007 017 045 079 007 009 115 095 081 097 112 117 097 084 084 081 079 082 125 137 084 078 255 255 0 
17 28 51.318 000 000 000 001 079 097 000 000 000 000 000 001 061 094 000 000 000 000 000 001 041 070 000 000 001 001 003 010 075 092 002 008 007 006 008 017 083 109 006 011 010 007 008 015 052 081 006 012 113 095 083 092 096 108 096 085 085 082 077 077 134 137 084 076 255 255 0 
17 28 51.318 000 000 000 001 070 089 000 001 000 000 000 000 068 098 000 000 000 000 000 000 039 074 000 000 001 002 003 007 065 086 002 006 007 006 008 016 082 108 006 010 007 007 008 016 042 082 008 011 113 096 085 095 087 107 099 083 087 084 082 078 140 135 085 077 255 255 0 
17 28 51.432 000 000 000 000 057 077 000 000 000 000 000 005 079 104 001 001 000 000 000 002 041 075 000 000 001 001 003 007 057 076 002 007 005 003 005 009 086 108 005 009 013 009 010 020 058 091 008 011 113 094 084 098 078 103 097 084 085 085 080 078 128 125 085 075 255 255 0 
17 28 51.432 000 000 000 000 048 073 000 000 000 000 000 000 074 100 000 000 000 000 000 000 036 082 000 000 001 002 003 006 053 078 001 007 009 007 009 019 091 108 007 011 010 006 007 015 073 103 006 008 115 097 085 099 076 104 099 086 083 081 077 075 108 118 085 075 255 255 0 
17 28 51.529 000 000 000 000 042 071 000 000 000 000 000 000 084 104 000 000 000 000 000 000 055 097 000 000 001 001 003 007 054 081 001 006 005 004 009 017 085 105 006 012 009 007 008 015 094 118 007 009 114 097 085 098 067 108 097 084 084 081 078 075 087 115 083 076 255 255 0 
17 28 51.529 000 000 000 000 042 072 000 000 001 001 001 005 097 100 001 003 000 000 000 000 086 108 000 000 001 001 003 007 052 083 001 006 006 005 008 016 069 097 006 012 010 006 007 015 125 124 007 009 116 097 085 097 096 117 098 086 085 081 078 074 074 107 083 076 255 255 0 
17 28 51.644 000 000 000 000 045 075 000 004 000 000 000 001 076 094 001 003 000 000 000 000 105 112 000 002 001 001 003 007 051 085 001 008 003 004 005 010 057 085 004 015 014 009 010 021 121 118 009 015 115 097 085 094 113 122 099 085 083 080 077 073 065 101 083 079 255 255 0 
17 28 51.644 000 000 000 000 038 075 000 000 000 001 001 006 063 087 001 009 000 000 000 001 109 114 000 003 001 002 003 007 062 093 001 007 006 005 008 016 050 083 005 010 012 008 009 019 103 116 009 015 114 095 084 092 120 129 096 079 083 081 078 074 064 099 085 078 255 255 0 
17 28 51.644 000 000 000 000 062 084 000 000 000 000 000 000 045 080 001 003 000 000 000 001 115 113 000 000 002 001 002 007 104 103 001 006 007 007 006 016 048 081 007 011 013 009 010 019 101 109 009 013 114 098 088 098 166 147 098 082 084 082 078 075 077 111 085 076 255 255 0 
17 28 51.745 000 000 000 000 085 095 000 000 001 001 001 003 050 079 001 002 000 000 000 000 102 109 000 000 002 002 003 007 121 114 002 005 008 006 008 015 054 088 007 011 014 009 011 020 085 105 009 015 117 099 091 100 168 149 100 088 086 084 081 078 093 115 085 079 255 255 0 
17 28 51.745 000 000 000 000 083 098 000 000 000 000 000 000 041 073 000 000 000 000 000 005 083 095 000 000 002 001 003 017 117 120 002 006 007 007 010 018 049 086 006 010 016 010 012 033 064 088 010 015 114 098 090 108 173 149 099 087 087 083 080 080 107 122 085 077 255 255 0 
17 28 51.858 000 000 000 006 122 110 000 000 000 000 000 003 046 081 000 000 000 000 000 005 067 091 000 000 002 002 003 017 120 118 002 006 006 006 008 017 056 089 006 010 013 008 009 026 054 087 009 013 112 096 090 109 155 144 098 088 088 083 080 076 114 127 085 078 255 255 0 
17 28 51.858 000 000 000 002 088 103 000 000 000 000 000 000 037 078 000 000 000 000 000 002 047 081 000 000 002 002 003 011 079 111 001 007 007 007 011 020 051 095 008 013 012 007 009 018 048 080 008 012 114 099 092 104 130 132 100 089 091 088 084 079 119 135 090 081 255 255 0 
17 28 51.955 000 000 000 001 072 098 000 000 000 000 000 000 035 080 000 000 000 000 000 000 040 071 000 000 002 002 003 008 076 100 002 006 009 008 012 023 072 102 009 014 014 009 010 019 048 078 009 012 111 098 090 100 120 119 099 087 091 088 084 077 127 139 089 077 255 255 0 
17 28 51.955 000 000 000 001 080 096 000 000 000 000 000 000 052 089 000 000 000 000 000 000 040 070 000 000 001 001 003 008 077 096 002 007 008 009 013 023 095 115 009 014 012 009 011 019 049 083 009 012 115 100 092 102 107 117 100 087 092 090 086 079 140 141 090 079 255 255 0 
17 28 52.072 000 000 000 001 073 091 000 001 000 000 000 001 074 099 000 000 000 000 000 000 039 077 000 000 001 002 003 008 061 091 002 007 011 008 012 025 087 117 009 014 013 008 010 019 048 088 009 012 113 098 092 102 093 112 099 086 090 088 084 078 137 135 089 080 255 255 0 
17 28 52.072 000 000 000 002 061 086 000 000 000 000 000 004 072 101 000 000 000 000 000 000 035 075 000 000 001 002 003 008 051 080 002 007 008 008 011 021 087 112 008 013 013 008 010 018 049 091 008 011 113 097 091 098 086 108 099 086 090 087 083 082 129 131 088 082 255 255 0 
17 28 52.072 000 000 000 001 051 078 000 000 000 000 000 005 079 106 000 000 000 000 000 001 036 084 000 000 001 002 002 009 045 080 001 007 010 008 012 027 091 110 009 014 014 009 010 025 066 102 009 012 109 097 090 097 080 103 099 087 089 087 083 085 120 119 088 082 255 255 0 
17 28 52.173 000 000 000 002 046 075 000 000 000 000 000 004 084 104 000 000 000 000 000 000 047 093 000 000 001 001 003 006 052 080 002 006 009 008 012 023 091 105 008 015 014 011 013 025 078 113 011 015 111 097 091 098 075 108 099 086 091 088 084 081 094 118 088 082 255 255 0 
17 28 52.173 000 000 000 000 041 071 000 000 002 002 002 009 078 101 001 003 000 000 000 004 064 099 000 000 001 001 002 005 046 079 001 005 005 004 006 012 070 097 007 012 016 010 012 023 087 117 010 013 113 096 091 097 074 112 099 086 089 087 084 080 083 109 089 082 255 255 0 
17 28 52.288 000 000 000 000 038 074 000 000 002 002 003 010 073 093 002 005 000 001 001 006 074 106 001 001 001 001 001 004 045 083 001 004 007 006 009 022 062 092 008 013 013 008 010 029 081 112 009 012 114 098 091 098 083 116 098 085 088 087 084 079 086 108 087 080 255 255 0 
17 28 52.288 000 000 000 007 048 075 000 000 002 001 002 012 061 087 002 004 001 001 001 009 072 104 001 001 001 001 002 006 044 083 001 004 004 004 006 012 052 081 005 008 011 007 009 025 092 110 008 011 116 098 090 097 105 125 099 085 088 088 084 079 081 104 089 082 255 255 0 
17 28 52.385 000 000 000 005 046 079 000 000 001 001 002 013 054 083 002 004 002 001 002 012 077 108 001 003 001 001 002 004 048 091 001 003 007 007 010 021 054 084 007 012 013 008 009 024 081 105 009 013 115 098 089 098 121 134 100 082 086 085 082 075 071 107 086 077 255 255 0 
17 28 52.385 000 000 000 000 037 084 000 000 001 001 002 008 045 079 001 003 002 001 002 006 085 107 001 007 001 001 002 005 063 106 001 003 007 006 009 018 047 088 007 011 015 010 012 023 083 104 010 015 116 100 091 101 132 144 100 083 086 086 082 077 078 113 086 075 255 255 0 
17 28 52.499 000 000 000 000 053 094 000 000 002 001 002 008 041 074 002 003 004 004 006 017 074 093 004 008 000 000 000 005 072 099 001 003 006 005 007 017 044 077 007 011 014 009 010 021 063 089 009 012 115 099 090 095 135 139 100 087 082 084 080 073 075 110 085 078 255 255 0 
17 28 52.499 000 000 000 002 090 094 000 000 001 001 002 009 045 073 001 004 001 001 001 004 067 085 001 003 001 001 002 005 096 099 001 004 006 006 008 016 044 077 006 009 014 009 011 023 061 081 010 015 114 098 090 096 153 136 097 084 084 084 080 075 115 121 085 077 255 255 0 
17 28 52.596 000 000 000 001 103 102 000 000 001 002 002 009 044 075 001 004 001 001 001 005 059 078 001 002 000 000 000 005 097 100 001 004 004 004 006 012 054 084 004 008 016 010 012 025 050 074 010 015 115 098 089 098 139 127 098 084 083 082 079 072 121 124 083 082 255 255 0 
17 28 52.596 000 000 000 002 101 095 000 001 001 002 002 008 056 070 001 002 001 001 001 005 053 070 001 002 001 001 002 006 117 104 001 004 005 005 007 013 109 099 007 011 013 009 010 019 051 075 008 012 120 103 093 106 132 124 102 087 091 087 085 085 164 142 088 088 255 255 0 
17 28 52.710 000 000 000 002 103 106 000 001 000 000 000 000 086 100 000 000 001 001 002 004 047 084 001 003 000 000 000 001 074 100 000 001 007 007 009 013 091 114 007 012 012 008 009 011 047 089 008 012 115 100 089 094 107 123 101 092 086 082 082 082 126 142 084 082 255 255 0 
17 28 52.710 000 000 000 002 070 098 000 001 002 001 002 003 065 101 001 002 001 001 002 002 041 077 001 003 000 000 000 001 061 091 000 002 006 006 009 012 073 110 005 016 015 010 011 014 050 087 009 018 114 099 087 092 091 112 102 093 087 084 085 083 133 137 086 082 255 255 0 
17 28 52.710 000 000 001 002 065 088 000 002 001 002 004 007 077 109 003 005 000 000 000 000 038 082 000 000 000 000 000 001 051 086 000 001 005 005 007 011 080 110 006 009 014 010 012 017 044 093 011 017 112 100 087 091 083 108 101 091 089 084 084 084 133 136 087 087 255 255 0 
17 28 52.811 000 000 000 017 058 083 000 002 003 003 005 033 078 110 003 007 001 001 001 014 045 088 001 003 000 000 000 005 050 081 000 001 006 007 010 030 091 111 007 013 014 009 011 031 072 102 010 016 114 098 086 095 084 108 099 089 089 085 085 091 125 129 086 086 255 255 0 
17 28 52.811 000 000 001 015 056 079 000 001 003 003 004 029 090 107 003 006 002 001 002 020 057 092 001 003 000 000 000 011 047 080 000 001 004 006 007 024 084 106 006 012 012 007 009 020 078 113 008 012 114 095 086 095 081 109 096 089 089 088 088 091 106 119 088 090 255 255 0 
17 28 52.927 000 000 000 005 049 074 000 001 001 000 002 006 077 103 001 003 003 002 003 009 058 099 002 004 000 000 000 000 038 077 000 000 008 008 010 020 075 098 007 012 016 010 011 023 079 117 010 015 114 096 087 100 081 112 098 091 090 087 085 082 088 110 086 086 255 255 0 
17 28 52.927 000 000 000 002 044 075 000 002 002 002 002 008 072 093 001 003 003 002 004 011 074 107 003 005 000 000 000 000 037 079 000 000 007 006 009 018 059 090 007 012 015 009 012 023 089 113 011 015 113 094 086 096 078 117 096 085 089 084 084 079 085 108 084 086 255 255 0 
17 28 53.028 000 000 000 002 042 076 000 001 000 000 000 000 056 086 000 000 003 002 004 011 081 108 002 005 000 000 000 000 036 082 000 000 006 005 008 016 048 081 006 010 016 009 011 023 094 113 010 015 115 097 088 100 106 125 098 086 086 083 082 076 077 106 085 085 255 255 0 
17 28 53.028 000 000 000 001 038 081 000 000 000 000 000 000 047 084 000 000 003 003 004 012 082 110 003 006 000 000 000 000 040 088 000 000 007 007 009 018 050 080 007 011 015 009 011 021 084 106 009 014 112 096 087 098 117 136 097 086 090 085 084 083 073 106 088 091 255 255 0 
17 28 53.143 000 000 000 000 035 081 000 000 000 000 000 000 041 073 000 000 003 003 004 012 077 105 003 006 000 000 000 000 050 096 000 000 008 007 009 018 048 077 007 012 015 009 010 021 080 097 010 015 113 097 087 098 125 140 098 087 089 083 082 079 077 109 084 083 255 255 0 
17 28 53.143 000 000 000 000 050 090 000 000 000 000 000 000 039 077 000 000 003 002 004 011 080 098 003 006 000 000 000 000 067 105 000 000 007 006 009 017 045 084 006 011 017 010 012 024 064 093 012 017 110 097 087 095 135 143 097 087 092 085 084 080 075 114 084 084 255 255 0 
