16 54 57.710 117 135 127 116 120 110 134 117 088 075 090 104 119 122 077 092 002 002 002 002 028 075 002 000 000 000 000 000 027 062 000 000 002 002 003 006 048 074 003 015 001 001 002 005 041 071 001 007 000 000 000 000 025 052 000 000 000 000 000 000 034 061 000 000 255 255 0 
16 54 57.710 120 136 128 117 120 109 136 117 089 074 091 105 119 119 076 092 001 002 001 002 030 076 001 001 000 000 000 010 027 059 000 000 000 000 000 003 036 070 002 014 001 001 002 011 042 079 001 006 000 000 000 004 028 063 000 000 000 000 000 013 036 065 000 000 255 255 0 
16 54 57.818 115 133 125 119 116 113 134 117 089 074 091 103 122 114 076 091 001 001 001 001 035 081 001 001 000 000 000 000 025 058 000 000 002 003 004 007 052 068 003 017 001 001 002 003 045 075 001 007 000 000 000 000 022 060 000 000 000 000 000 000 028 057 000 000 255 255 0 
16 54 57.818 116 133 126 117 114 111 134 118 087 073 092 104 111 112 075 091 001 001 001 001 034 079 001 002 000 000 000 000 023 063 000 000 000 000 000 000 036 060 000 000 002 001 002 004 068 080 002 008 000 000 000 000 035 067 000 000 000 000 000 000 039 062 000 000 255 255 0 
16 54 57.926 116 134 126 122 109 115 134 116 086 072 090 096 104 104 075 093 001 002 001 001 041 074 001 002 000 000 000 000 024 057 000 000 000 000 000 000 028 054 000 000 002 001 002 004 049 071 001 009 000 000 000 000 031 071 000 000 000 000 000 000 027 056 000 000 255 255 0 
16 54 57.926 115 134 132 131 114 115 135 122 088 072 087 092 105 101 075 090 002 002 001 002 042 068 003 003 000 000 000 000 027 052 000 000 000 000 000 000 025 042 000 000 002 002 002 006 047 063 002 010 000 000 000 000 034 064 000 000 000 000 000 000 027 053 000 002 255 255 0 
16 54 58.058 115 134 130 119 121 115 135 117 086 071 088 091 099 098 073 088 002 002 001 002 040 070 002 003 000 000 000 000 033 067 000 000 000 000 000 000 029 055 000 000 001 001 002 006 045 067 002 008 000 000 000 000 034 072 000 000 000 000 000 000 025 058 000 000 255 255 0 
16 54 58.058 117 134 129 123 127 124 133 111 086 072 089 096 098 101 074 091 002 002 001 002 043 072 002 003 000 000 000 000 033 073 000 000 003 002 004 005 040 063 001 011 001 001 002 003 043 064 001 008 000 000 000 000 037 073 000 000 001 001 002 002 033 064 001 004 255 255 0 
16 54 58.058 117 134 129 123 126 124 134 116 089 072 091 095 103 106 076 091 001 002 001 002 041 053 002 002 000 000 000 000 036 053 000 000 000 000 001 000 025 034 000 000 001 001 002 003 040 038 001 008 000 000 000 000 037 050 000 000 002 001 002 003 039 054 001 007 255 255 0 
16 54 58.170 114 131 124 119 130 115 131 112 089 076 092 095 101 104 076 090 002 002 001 001 031 054 002 003 000 000 000 000 037 049 000 000 000 003 005 007 037 049 002 014 001 001 002 003 036 042 003 010 000 000 000 000 035 042 000 000 003 002 002 004 047 055 001 008 255 255 0 
16 54 58.170 118 131 124 119 136 116 131 113 093 077 094 098 103 106 079 092 002 002 001 002 033 024 003 003 000 000 000 000 036 035 000 000 004 003 004 007 051 036 002 015 002 001 003 004 039 029 002 011 000 000 000 000 035 022 000 000 002 002 002 004 046 031 001 007 255 255 0 
16 54 58.316 114 129 120 115 123 118 130 107 089 078 094 099 108 096 078 086 002 003 001 002 029 028 003 002 000 000 000 000 037 028 000 000 003 003 004 007 053 037 003 018 002 002 003 004 041 030 002 013 000 000 000 000 031 027 000 000 001 001 001 002 043 029 001 004 255 255 0 
16 54 58.316 118 128 119 113 118 110 130 105 088 077 091 097 108 110 076 083 002 002 001 002 031 039 002 002 000 000 000 000 031 043 000 000 003 003 005 007 056 064 003 019 002 001 002 003 031 050 001 008 000 000 000 000 028 047 000 000 001 001 001 001 044 064 001 005 255 255 0 
16 54 58.316 121 131 122 120 120 103 131 113 088 077 093 094 117 116 078 090 002 002 002 002 025 061 002 002 000 000 000 000 031 058 000 000 004 003 006 008 056 075 003 019 001 001 003 004 037 069 001 009 000 000 000 000 028 055 000 000 000 000 000 001 039 067 000 002 255 255 0 
16 54 58.427 121 132 123 117 119 110 133 108 086 075 090 095 117 119 076 083 002 002 001 002 028 071 002 002 000 000 000 000 038 062 000 000 004 004 005 010 058 081 004 019 001 001 002 004 043 079 001 010 000 000 000 000 026 060 000 000 000 000 000 000 037 068 000 002 255 255 0 
16 54 58.427 121 131 123 119 112 107 132 112 089 077 093 098 131 117 079 091 002 002 002 002 058 050 002 002 000 000 000 000 035 034 000 000 005 004 006 009 067 064 004 020 003 002 003 005 061 055 002 012 000 000 000 000 026 035 000 000 001 000 001 002 038 053 001 004 255 255 0 
16 54 58.557 120 132 123 120 106 102 134 114 088 076 092 098 118 111 078 090 003 002 002 002 038 082 002 002 000 000 000 000 025 059 000 000 002 002 003 007 050 067 003 014 002 002 003 005 048 075 002 012 000 000 000 000 022 060 000 000 000 001 002 002 039 063 001 005 255 255 0 
16 54 58.557 121 134 124 120 109 113 135 118 087 078 093 095 117 112 077 089 002 003 002 002 038 082 002 003 000 000 000 000 026 061 000 000 003 004 005 008 048 067 005 018 003 002 003 005 074 085 002 012 000 000 000 000 033 073 000 000 000 000 000 000 032 063 000 002 255 255 0 
16 54 58.557 124 133 125 122 110 116 134 113 086 075 092 092 108 108 077 084 001 002 001 001 039 090 002 002 000 000 000 000 025 071 000 000 006 004 006 009 049 049 003 014 003 003 004 006 056 034 003 014 000 000 000 000 039 023 000 000 000 000 000 000 029 025 000 001 255 255 0 
16 54 58.669 122 133 124 117 107 115 133 109 085 075 094 100 105 103 079 090 002 002 001 001 042 082 002 003 000 000 000 000 029 077 000 000 003 003 005 007 046 073 003 017 003 003 004 006 054 083 003 016 000 000 000 000 035 084 000 000 000 000 000 001 032 067 000 004 255 255 0 
16 54 58.669 125 133 127 119 119 125 134 111 084 072 090 100 102 107 072 084 001 001 000 001 038 084 001 001 000 000 000 000 033 081 000 000 002 002 004 006 046 075 005 020 003 002 004 006 052 079 002 015 000 000 000 001 034 080 000 000 000 000 000 000 026 067 000 002 255 255 0 
16 54 58.799 125 133 124 114 120 121 133 106 083 073 092 101 101 103 077 085 000 001 001 001 038 078 001 002 000 000 000 000 033 081 000 000 008 006 008 011 049 076 005 024 002 002 003 005 053 076 002 011 000 000 000 000 039 086 000 000 000 000 001 001 031 078 001 006 255 255 0 
16 54 58.799 122 133 124 116 125 130 132 113 081 073 093 101 101 109 076 087 000 000 000 001 049 075 002 001 000 000 000 000 054 036 000 000 007 005 006 011 043 034 005 023 001 001 002 004 046 032 001 009 000 000 000 000 040 026 000 000 001 001 002 002 038 031 000 006 255 255 0 
16 54 58.799 120 132 125 115 127 122 132 113 085 073 095 103 102 094 075 089 001 001 001 001 033 020 001 002 000 000 000 000 039 025 000 000 002 002 004 006 044 029 002 018 001 001 003 005 040 026 001 011 000 000 000 000 037 023 000 000 001 001 001 002 043 024 001 006 255 255 0 
16 54 58.910 120 131 125 116 129 120 132 113 081 073 094 102 105 092 076 089 000 000 000 000 033 019 001 002 000 000 000 000 039 024 000 000 004 003 005 009 054 034 003 020 001 001 002 003 037 026 001 009 000 000 000 000 035 024 000 000 001 001 002 001 041 030 001 006 255 255 0 
16 54 58.910 125 135 127 119 133 125 135 112 085 073 099 103 111 102 077 089 000 001 001 001 028 027 002 002 000 000 000 000 035 023 000 000 005 004 006 009 055 039 004 019 001 000 001 002 034 024 001 007 000 000 000 000 033 020 000 000 001 001 001 003 050 026 000 005 255 255 0 
16 54 59.054 127 134 128 120 125 126 134 113 081 074 093 100 112 097 076 091 001 002 001 001 030 024 001 002 000 000 000 000 033 023 000 000 003 003 004 005 053 035 002 014 001 001 002 003 033 023 001 007 000 000 000 000 030 022 000 000 001 001 003 004 052 046 001 007 255 255 0 
16 54 59.054 125 133 131 124 129 099 134 120 079 074 091 097 112 106 074 086 000 001 001 001 024 064 001 001 000 000 000 000 030 063 000 000 002 002 002 002 047 086 003 014 002 002 003 005 042 080 001 013 000 000 000 000 028 066 000 000 001 000 001 002 044 079 000 006 255 255 0 
16 54 59.054 123 132 132 120 115 116 133 115 083 073 088 099 118 122 075 088 000 001 000 000 026 053 001 000 000 000 000 000 030 053 000 000 002 001 001 003 046 070 001 004 002 001 002 004 043 078 001 010 000 000 000 000 027 050 000 000 001 001 002 007 055 062 001 007 255 255 0 
16 54 59.165 123 134 131 123 118 116 135 119 082 073 090 098 117 118 075 087 000 000 000 003 046 079 000 000 000 000 000 000 028 068 000 000 003 003 004 013 051 082 003 021 001 001 001 007 084 102 000 004 000 000 000 017 041 082 000 000 000 000 000 022 059 086 000 001 255 255 0 
16 54 59.165 119 134 135 122 108 126 134 123 079 073 087 097 114 122 074 088 001 001 003 005 060 101 001 001 000 000 000 000 035 081 000 000 004 003 004 041 059 087 000 000 000 000 000 031 079 106 000 000 000 000 000 017 036 090 000 000 000 000 002 025 045 081 000 003 255 255 0 
16 54 59.288 121 133 135 125 104 121 132 126 081 071 081 106 109 118 072 084 003 002 002 017 081 106 002 003 000 000 000 020 042 090 000 000 000 000 000 030 051 089 000 001 000 000 000 054 066 104 000 000 000 000 000 027 042 096 000 000 000 000 001 022 053 091 000 005 255 255 0 
16 54 59.288 126 132 135 123 109 135 132 125 081 071 084 095 108 122 075 087 003 002 002 006 059 106 003 003 000 000 000 000 030 095 000 000 000 000 000 000 041 085 000 000 000 000 000 010 056 097 000 000 000 000 000 001 037 098 000 000 001 000 000 003 037 086 000 004 255 255 0 
16 54 59.288 125 131 131 122 105 132 132 119 079 072 084 096 090 112 073 086 003 003 003 007 088 104 004 006 000 000 000 000 061 102 000 000 000 000 000 000 037 089 000 000 000 000 000 000 063 102 000 001 000 000 000 008 075 112 000 000 000 001 001 002 041 094 001 006 255 255 0 
16 54 59.401 122 129 134 123 132 144 128 123 077 070 084 092 088 114 069 080 005 005 004 014 073 101 006 007 000 000 000 012 066 105 000 000 000 000 000 007 046 090 000 000 000 000 000 014 060 093 000 001 000 000 000 020 075 106 000 000 000 000 000 015 045 093 000 001 255 255 0 
16 54 59.401 123 131 136 127 143 149 131 125 078 069 083 093 089 114 070 080 004 005 003 022 065 095 005 006 000 000 000 015 071 103 000 000 000 000 000 010 040 082 000 000 000 000 000 012 053 085 000 000 000 000 000 011 090 103 000 000 001 001 002 010 055 100 001 007 255 255 0 
16 54 59.528 124 131 135 128 145 147 131 123 076 068 083 091 085 115 069 078 004 003 002 013 059 091 004 005 000 000 000 011 087 110 000 000 000 000 000 006 052 098 000 000 000 000 000 007 052 092 000 000 000 000 000 008 079 111 000 000 001 000 001 007 074 110 000 003 255 255 0 
16 54 59.528 126 132 136 129 148 152 132 125 075 066 082 087 092 121 067 077 004 004 003 013 053 094 004 006 000 000 000 008 079 111 000 000 000 000 000 004 060 105 000 000 000 000 000 004 045 093 000 000 000 000 000 006 073 103 000 000 001 001 001 032 078 116 000 005 255 255 0 
16 54 59.528 126 133 134 152 152 152 134 127 072 066 082 093 107 127 071 079 003 002 003 030 054 094 003 006 000 000 000 034 078 107 000 001 000 000 000 028 079 114 000 000 000 000 000 019 044 096 000 000 000 000 000 002 060 102 000 001 001 001 002 007 084 117 001 007 255 255 0 
16 54 59.639 123 132 129 134 146 149 132 128 076 068 088 097 118 136 066 077 002 002 002 031 052 096 004 006 000 000 000 045 077 104 000 002 000 000 000 052 085 116 000 003 000 000 000 025 043 097 000 001 000 000 000 040 057 093 000 003 002 001 003 061 100 113 002 012 255 255 0 
16 54 59.639 131 139 143 151 143 147 138 134 069 071 081 093 128 134 070 075 004 003 003 027 046 092 004 006 000 000 000 013 060 091 000 002 003 004 006 024 088 105 003 009 000 000 000 009 039 086 000 000 000 000 000 012 048 076 000 012 001 001 002 014 090 097 002 017 255 255 0 
16 54 59.765 128 136 138 136 125 130 136 132 071 071 080 084 109 127 072 074 003 003 003 007 040 084 004 005 000 000 000 005 044 079 000 000 003 004 006 012 060 096 002 007 000 000 000 004 038 085 000 002 000 000 000 000 036 072 000 007 000 000 001 029 062 089 000 012 255 255 0 
16 54 59.765 124 136 142 140 135 131 137 134 075 071 074 103 119 131 073 079 004 005 004 005 041 091 004 013 000 000 000 020 040 076 000 006 002 002 001 032 050 089 001 014 000 000 000 035 049 084 000 001 000 000 000 027 042 071 000 000 001 001 001 034 052 083 001 011 255 255 0 
16 54 59.765 123 135 134 128 119 126 136 124 080 075 089 097 131 130 076 092 004 004 004 004 062 092 004 006 000 000 000 000 035 070 000 003 002 002 003 006 071 086 002 012 000 000 000 001 068 086 000 002 000 000 000 016 039 066 000 001 000 000 000 014 055 075 001 006 255 255 0 
16 54 59.893 121 135 135 121 114 117 135 120 082 076 085 110 125 121 076 089 003 002 002 025 064 089 003 005 000 000 000 018 042 068 000 000 002 001 002 038 061 079 003 008 000 000 000 046 059 085 000 000 000 000 000 023 045 073 000 000 000 000 001 031 055 075 001 003 255 255 0 
16 54 59.893 121 137 138 119 111 120 137 121 078 073 092 115 121 117 077 093 004 003 003 085 100 103 004 005 000 000 000 004 042 081 000 000 004 003 007 010 051 083 003 014 000 000 000 000 078 099 000 000 000 000 000 000 041 080 000 001 002 001 003 005 048 075 001 013 255 255 0 
16 55 0.018 119 137 137 127 117 125 140 128 077 072 081 085 103 115 074 084 005 005 006 007 095 109 006 008 000 000 000 000 042 090 000 000 003 004 006 010 047 088 003 013 000 000 000 035 076 102 000 000 000 000 000 041 065 093 000 000 001 001 002 030 051 083 001 008 255 255 0 
16 55 0.018 114 134 138 129 110 131 133 119 077 074 080 085 096 110 073 084 004 002 002 003 047 097 003 005 000 000 000 000 042 087 000 000 002 002 004 006 047 082 002 008 000 000 000 000 059 089 000 001 000 000 000 000 057 094 000 000 000 000 002 003 042 080 001 009 255 255 0 
16 55 0.018 117 137 143 129 119 133 135 120 080 075 086 086 097 109 075 086 007 006 006 008 053 094 006 014 000 000 000 000 040 085 000 001 002 002 004 005 041 070 002 009 000 000 000 000 038 074 000 006 000 000 000 000 037 085 000 000 001 001 001 001 030 075 000 004 255 255 0 
16 55 0.126 108 132 134 126 128 128 131 117 088 082 084 085 092 106 081 087 004 004 004 005 043 083 003 004 000 000 000 000 036 086 000 000 002 001 003 005 034 072 002 005 000 000 000 000 034 069 000 000 000 000 000 000 040 073 000 000 003 002 004 027 036 065 002 009 255 255 0 
16 55 0.126 122 140 140 131 138 127 143 127 096 091 090 092 097 104 095 096 009 009 010 012 051 078 010 013 001 001 002 003 047 089 001 005 005 005 007 009 033 077 004 012 000 000 000 000 033 068 000 000 000 000 000 000 041 081 000 000 004 003 005 039 048 083 002 010 255 255 0 
16 55 0.252 110 128 142 154 133 132 129 112 086 082 091 097 092 111 085 085 009 008 008 045 050 081 008 010 001 001 001 064 046 092 000 002 004 004 005 056 044 090 004 012 000 000 000 029 037 076 000 000 000 000 000 051 044 087 000 000 002 003 003 048 047 098 002 010 255 255 0 
16 55 0.252 121 139 138 149 151 144 137 125 101 090 097 106 100 126 094 099 009 002 006 034 041 083 006 004 000 000 000 021 045 088 000 000 004 004 009 049 050 090 007 017 000 000 000 028 033 066 000 000 000 000 000 052 047 069 000 000 002 002 003 068 055 081 001 007 255 255 0 
16 55 0.252 112 138 146 149 148 127 140 126 084 079 091 101 105 115 079 087 001 001 001 003 031 076 002 003 000 000 000 045 047 086 000 000 005 003 005 066 057 099 005 013 000 000 000 030 036 079 000 000 000 000 000 044 041 079 000 000 001 001 003 072 054 098 002 009 255 255 0 
16 55 0.360 107 129 138 129 134 132 127 123 079 078 080 115 110 130 083 085 001 001 002 035 036 085 001 001 000 000 000 046 047 088 000 000 003 002 003 069 052 100 003 007 000 000 000 038 034 083 000 000 000 000 000 039 041 079 000 000 002 003 004 069 058 096 003 010 255 255 0 
16 55 0.360 129 143 146 125 139 135 147 128 081 077 084 126 114 129 080 082 007 006 006 049 039 087 005 007 000 000 000 046 042 080 000 000 004 001 004 092 067 100 007 023 000 000 000 066 037 084 000 000 000 000 000 049 037 076 000 003 001 002 003 081 053 092 002 010 255 255 0 
16 55 0.485 114 140 146 140 135 133 142 131 084 079 085 142 116 130 075 081 002 002 002 068 036 086 000 005 000 000 000 049 036 075 000 006 004 003 005 089 053 092 003 017 000 000 000 083 047 077 000 003 000 000 000 053 043 069 000 004 001 001 003 047 056 076 002 011 255 255 0 
16 55 0.485 127 148 153 126 130 121 146 132 080 074 078 105 110 122 067 084 003 004 005 056 044 083 004 008 000 000 000 000 033 069 000 004 002 001 001 009 050 081 002 009 000 000 000 002 045 089 000 005 000 000 000 026 036 074 000 004 000 000 001 046 048 080 000 009 255 255 0 
16 55 0.590 118 142 144 123 119 128 142 128 083 078 080 115 117 126 077 088 005 006 006 057 069 104 005 018 000 000 000 000 035 082 000 000 003 002 004 012 058 089 002 006 001 001 001 003 059 099 000 002 000 000 000 014 046 086 000 000 000 001 002 032 045 085 001 006 255 255 0 
16 55 0.590 132 152 149 141 126 134 149 130 074 060 059 063 107 119 071 072 002 005 004 005 048 092 007 010 000 000 000 001 037 075 000 000 005 004 006 007 055 079 005 009 000 000 000 001 042 085 000 002 000 000 000 000 024 073 000 000 000 000 000 001 031 073 000 001 255 255 0 
16 55 0.590 133 162 156 159 135 137 159 139 075 062 062 065 093 110 066 069 001 001 005 005 043 087 004 002 000 000 000 000 023 070 000 000 004 004 006 009 041 069 004 011 000 000 000 003 063 084 000 000 000 000 000 000 049 072 000 000 000 000 000 000 035 060 000 000 255 255 0 
16 55 0.730 140 153 155 139 119 125 154 138 069 061 063 073 084 100 065 075 001 001 005 002 063 096 002 002 000 000 000 000 043 087 000 000 013 010 013 025 055 089 012 026 000 000 001 000 042 089 000 000 000 000 000 000 036 087 000 000 001 001 003 004 035 078 002 006 255 255 0 
16 55 0.730 136 146 147 140 126 137 142 132 076 073 071 076 089 106 077 084 002 002 003 012 049 090 001 001 000 000 000 011 035 089 000 000 014 015 017 019 054 088 012 021 000 000 000 000 037 086 000 001 000 000 005 000 035 094 000 004 002 003 002 006 039 089 003 011 255 255 0 
16 55 0.834 126 144 147 141 136 140 148 130 073 074 069 077 089 108 078 084 002 003 003 005 050 089 003 008 000 000 002 005 059 098 000 000 005 005 005 008 040 086 008 017 000 000 000 005 052 085 000 000 000 000 001 035 082 102 000 000 002 002 002 025 048 090 002 006 255 255 0 
16 55 0.834 132 149 155 142 153 146 148 128 083 076 075 089 083 110 079 080 009 007 008 009 057 076 007 010 000 001 008 006 064 077 000 000 006 007 008 020 044 070 007 016 000 000 000 016 042 061 000 000 000 000 009 032 071 077 000 000 001 002 004 024 051 072 001 007 255 255 0 
16 55 0.834 132 147 148 156 157 135 145 132 067 063 065 082 082 101 060 061 004 003 007 051 061 086 010 014 000 000 002 053 095 105 000 000 009 008 010 034 066 100 008 015 000 000 000 014 048 082 000 000 000 000 017 019 078 098 000 000 003 002 013 038 083 102 002 008 255 255 0 
16 55 0.953 129 144 154 142 158 148 146 128 078 075 083 086 101 120 077 077 015 013 014 028 053 090 011 014 000 000 017 018 076 101 002 003 006 006 008 013 063 102 006 012 000 000 000 002 037 084 000 000 000 000 007 051 070 096 000 000 002 002 008 049 077 108 002 008 255 255 0 
16 55 0.953 123 136 147 144 150 148 138 128 065 071 079 099 106 124 079 077 005 012 014 040 049 088 014 022 000 000 000 020 068 092 001 001 008 008 010 019 072 102 008 015 000 000 000 002 038 082 000 000 000 000 000 004 055 089 000 000 004 004 006 008 070 105 004 011 255 255 0 
16 55 1.063 132 139 146 136 139 138 141 134 072 069 063 073 112 119 071 077 003 005 007 013 047 083 007 016 003 005 008 012 064 088 006 012 009 009 009 016 080 102 008 015 000 000 000 000 034 083 000 000 000 000 000 000 040 079 000 000 002 002 002 003 079 103 002 001 255 255 0 
16 55 1.063 124 136 143 132 136 135 136 130 071 076 067 080 111 131 078 078 004 004 006 025 045 092 006 014 003 004 006 026 056 088 004 014 009 009 008 013 084 108 009 019 000 000 000 000 039 094 000 000 000 000 000 000 040 082 000 000 000 000 000 001 067 097 000 000 255 255 0 
16 55 1.187 127 144 147 138 126 136 147 136 078 080 077 094 124 134 085 089 005 007 008 012 043 093 004 006 003 004 005 002 045 086 005 001 007 009 009 012 080 104 008 016 000 000 000 000 050 096 000 000 000 000 000 000 035 082 000 000 000 000 001 033 069 096 000 002 255 255 0 
16 55 1.187 127 143 144 135 124 134 141 126 072 076 070 089 121 130 078 085 005 005 006 039 058 094 005 010 002 003 005 009 042 078 004 011 008 008 011 015 074 093 009 019 000 000 000 001 042 088 000 001 000 000 000 000 033 073 000 000 000 001 001 005 056 080 001 003 255 255 0 
16 55 1.187 126 139 136 125 113 121 141 124 073 076 070 102 130 122 081 083 003 004 007 039 076 102 005 008 002 005 006 032 044 084 005 013 008 008 009 034 073 095 008 019 000 000 000 014 067 098 000 000 000 000 000 011 042 081 000 000 000 000 001 018 050 080 000 003 255 255 0 
16 55 1.294 128 137 142 134 114 124 138 128 078 076 064 082 112 099 080 084 001 003 002 003 069 029 003 003 000 000 005 007 047 029 004 007 010 009 008 012 059 041 010 021 000 000 000 000 070 033 000 002 000 000 000 000 036 019 000 000 000 000 000 005 037 024 001 001 255 255 0 
16 55 1.294 126 141 144 136 105 117 143 130 071 066 059 077 103 089 071 079 007 007 009 007 075 048 004 007 003 004 005 008 037 055 003 014 004 004 005 009 045 064 005 016 000 000 000 001 078 087 000 001 000 000 000 000 051 066 000 000 000 001 001 003 042 024 001 004 255 255 0 
16 55 1.407 128 146 148 139 116 122 142 129 065 066 060 073 083 100 065 072 001 003 005 005 072 092 002 010 004 005 005 003 043 083 003 004 006 006 008 012 051 079 006 017 000 000 000 001 050 084 000 000 000 000 000 003 043 084 000 000 001 001 001 003 036 073 001 005 255 255 0 
16 55 1.407 130 146 149 142 127 135 145 140 068 063 057 079 097 106 065 070 005 005 004 018 059 093 006 012 003 004 004 019 053 091 003 009 004 004 004 013 046 080 004 009 000 000 000 019 063 088 000 001 000 000 000 016 055 094 000 000 000 000 000 013 044 080 001 003 255 255 0 
16 55 1.547 128 144 152 137 130 137 143 132 074 073 073 076 084 106 074 076 002 001 001 002 066 089 001 002 000 000 000 000 065 093 006 000 005 005 007 008 038 080 003 007 000 000 000 031 062 085 000 000 000 000 000 005 079 098 000 000 000 000 000 000 034 021 000 001 255 255 0 
16 55 1.547 125 135 147 137 149 136 136 133 077 076 064 073 086 105 077 078 001 003 001 016 043 084 001 002 003 002 004 059 070 101 001 012 003 003 006 045 052 088 002 011 000 003 003 047 059 050 002 010 000 000 000 082 079 047 000 000 000 000 000 058 050 036 000 000 255 255 0 
16 55 1.547 126 137 141 156 150 135 141 128 071 067 067 083 083 091 072 077 005 005 005 038 058 054 002 001 000 000 005 037 080 054 002 000 004 004 005 010 044 043 005 011 002 003 005 016 047 048 003 014 000 000 000 003 066 054 000 000 000 000 000 034 058 053 000 000 255 255 0 
16 55 1.691 130 138 148 132 153 130 142 130 073 073 066 076 088 095 075 073 001 002 001 002 042 056 003 003 000 003 005 007 076 063 002 007 007 006 008 011 057 052 006 012 003 002 005 008 039 044 003 015 000 000 000 046 071 048 000 001 001 001 000 001 057 045 000 002 255 255 0 
16 55 1.691 137 147 145 136 148 141 147 133 068 069 061 073 088 088 070 071 000 000 000 028 050 039 001 004 000 000 001 025 069 049 003 005 004 003 006 008 056 040 003 011 003 003 007 033 045 039 003 017 001 001 002 045 063 060 001 004 000 001 002 055 070 078 000 003 255 255 0 
16 55 1.691 137 143 146 146 149 129 142 129 067 068 062 087 105 082 069 068 002 002 001 025 042 022 002 003 000 000 005 030 065 033 004 009 004 004 006 029 065 035 004 009 003 003 005 022 049 033 003 015 000 000 001 012 048 027 000 000 000 000 001 022 048 033 000 001 255 255 0 
16 55 1.797 128 138 146 133 135 132 142 125 067 066 060 073 095 081 066 063 001 001 001 008 030 027 001 003 003 001 002 013 041 035 003 007 004 004 004 035 053 053 003 009 003 003 004 007 043 054 003 016 000 000 000 000 031 041 000 000 000 000 001 002 045 039 000 006 255 255 0 
16 55 1.797 128 141 146 130 124 129 143 125 064 064 061 082 096 082 067 063 002 002 002 012 031 037 003 004 000 000 000 000 031 033 000 003 006 006 007 011 060 053 005 018 002 003 005 007 048 043 003 016 000 000 000 000 031 034 000 003 001 000 001 001 044 041 001 012 255 255 0 
16 55 1.917 130 140 140 129 118 126 140 125 064 068 063 073 102 102 071 072 001 001 001 001 029 044 001 004 000 000 000 000 031 034 000 005 006 006 008 013 062 052 006 018 003 003 006 008 051 045 002 016 000 000 000 000 029 031 000 001 000 000 001 001 041 040 000 003 255 255 0 
16 55 1.917 131 138 140 130 117 120 140 123 062 067 064 074 102 099 072 069 001 001 000 001 033 042 001 001 000 000 000 000 026 031 000 000 005 006 008 010 056 045 005 012 003 003 005 008 050 046 003 015 000 000 000 000 028 028 000 000 000 000 001 000 038 038 001 002 255 255 0 
16 55 1.917 126 131 138 125 112 113 132 119 066 072 067 076 105 097 075 073 003 001 001 001 049 059 001 001 000 000 000 000 033 035 000 000 005 005 007 010 053 042 005 014 003 003 006 045 071 047 004 016 000 000 000 027 036 025 000 000 000 000 000 017 041 027 000 001 255 255 0 
16 55 2.022 134 138 144 109 113 116 133 120 061 070 065 089 095 088 075 069 002 001 003 064 046 038 003 003 000 000 000 026 031 026 000 000 003 003 005 045 050 035 004 010 003 004 006 010 057 041 004 017 000 000 000 000 028 026 000 000 000 000 001 030 042 034 000 004 255 255 0 
16 55 2.022 131 140 140 113 107 114 140 119 065 068 068 086 101 095 071 071 003 003 002 077 052 056 002 002 000 000 000 056 034 036 000 001 008 007 010 051 057 040 007 018 003 004 007 081 067 049 003 017 000 001 000 070 042 029 000 002 001 001 001 041 038 029 001 006 255 255 0 
16 55 2.143 132 143 139 130 109 119 142 118 063 068 063 090 090 087 068 068 001 001 001 064 049 049 001 001 000 000 000 052 047 036 000 000 004 004 005 037 051 027 004 013 003 003 005 066 065 032 003 016 000 000 000 066 054 023 000 000 000 000 001 037 043 025 001 007 255 255 0 
16 55 2.143 122 136 136 123 115 118 136 113 068 068 063 072 083 082 068 068 001 001 001 001 043 059 001 002 000 000 000 000 037 054 000 000 004 004 005 009 039 052 003 009 003 003 005 008 051 059 004 016 000 000 000 000 038 060 000 000 001 001 001 002 031 049 000 004 255 255 0 
16 55 2.245 127 137 136 124 125 114 136 115 068 069 071 078 090 090 071 073 003 003 002 009 044 070 003 004 000 000 000 011 039 071 000 000 003 003 005 031 046 065 003 009 002 003 005 009 046 066 003 016 000 000 001 001 040 056 000 000 001 000 000 000 029 044 000 002 255 255 0 
16 55 2.245 128 138 140 130 127 131 138 119 065 065 060 070 085 099 069 068 002 003 003 003 040 055 002 004 000 000 000 000 046 049 000 000 002 002 003 006 040 039 002 007 003 003 005 009 047 051 003 018 000 000 000 000 043 058 000 000 000 001 001 002 041 053 000 005 255 255 0 
16 55 2.365 128 140 146 133 136 126 140 120 065 067 059 068 079 080 067 065 003 002 001 003 039 044 002 003 000 000 000 000 048 062 000 000 002 003 004 005 046 068 002 008 002 003 005 008 044 065 003 017 000 000 000 000 047 071 000 000 000 001 001 002 048 067 001 004 255 255 0 
16 55 2.365 125 139 145 129 134 128 139 119 065 069 066 072 084 091 071 067 000 000 000 001 036 047 001 002 000 000 000 000 048 052 000 000 003 003 005 007 059 057 003 009 002 003 005 008 040 029 003 017 000 000 000 000 042 021 000 000 001 001 002 003 052 026 001 007 255 255 0 
16 55 2.365 123 142 148 132 139 129 141 120 065 068 061 071 093 078 070 067 001 001 001 001 029 020 001 001 000 000 000 001 040 019 000 000 003 002 004 006 051 027 003 009 002 003 005 008 041 029 003 018 000 000 000 000 044 021 000 000 001 001 002 040 051 026 000 004 255 255 0 
16 55 2.493 124 138 146 133 133 130 139 123 066 069 062 071 101 080 071 067 002 002 002 002 034 019 002 002 000 000 000 000 037 021 000 000 004 004 006 010 057 030 004 012 002 003 005 008 039 030 003 017 000 000 000 000 033 019 000 000 001 001 001 002 051 025 001 003 255 255 0 
16 55 2.493 126 136 146 130 126 129 138 120 064 070 061 072 096 077 072 066 003 003 003 005 037 025 003 004 000 000 000 001 037 032 000 001 004 003 005 009 059 060 004 010 002 003 006 008 045 066 003 018 000 000 000 000 037 057 000 000 002 002 002 005 058 071 002 009 255 255 0 
16 55 2.613 126 136 145 132 127 112 135 124 067 075 068 076 109 114 077 073 003 002 003 003 036 065 002 003 000 000 000 000 032 052 000 001 003 003 004 013 058 070 005 012 003 004 007 010 054 077 004 018 000 000 000 000 030 059 000 000 001 001 002 003 052 068 002 007 255 255 0 
16 55 2.613 131 143 152 136 117 110 141 122 070 073 065 075 109 111 074 069 001 001 001 001 040 064 001 002 000 000 000 000 032 049 000 000 004 004 008 012 063 072 007 016 003 004 005 008 056 071 003 016 000 000 000 000 031 053 000 000 003 002 003 005 054 064 002 009 255 255 0 
16 55 2.613 125 138 147 132 114 108 141 121 069 072 064 073 104 104 075 071 002 002 002 002 054 076 002 003 000 000 000 000 036 059 000 000 008 007 009 013 064 071 007 016 004 004 006 009 061 085 004 018 000 000 000 000 028 065 000 000 000 000 000 000 039 068 000 002 255 255 0 
16 55 2.718 128 146 151 137 114 128 146 126 078 075 069 078 108 087 078 077 003 003 002 003 046 021 003 003 000 000 000 000 030 016 000 000 005 005 006 011 054 031 007 015 003 003 005 009 060 031 004 016 000 000 000 000 030 016 000 000 001 001 002 003 040 020 001 005 255 255 0 
16 55 2.718 122 140 144 130 110 124 139 119 076 075 073 083 102 090 080 080 003 002 002 002 044 021 003 003 000 000 001 002 028 016 000 001 007 006 008 012 050 030 008 017 004 005 007 010 062 032 005 017 000 000 000 000 033 015 000 000 001 002 002 004 038 022 002 007 255 255 0 
16 55 2.838 120 133 139 125 108 118 135 115 073 073 071 080 090 083 078 078 004 005 006 011 052 028 005 009 000 000 000 002 032 018 001 003 007 008 010 014 051 032 008 018 003 005 006 009 058 032 004 016 000 000 000 000 036 018 000 000 000 001 002 003 036 021 002 006 255 255 0 
16 55 2.838 122 140 142 130 114 121 139 118 072 074 073 085 095 085 075 077 004 005 007 011 057 028 003 008 000 000 000 000 039 019 000 000 007 008 010 016 039 033 009 019 003 003 006 009 052 031 004 016 000 000 000 000 041 017 000 000 001 001 002 003 036 021 002 006 255 255 0 
16 55 2.838 121 137 145 130 128 123 138 120 073 070 064 074 079 082 075 077 003 003 003 012 053 028 005 009 000 000 000 000 040 017 000 000 007 007 009 013 043 031 008 019 003 004 006 008 045 030 004 016 000 000 000 000 044 018 000 000 000 000 001 001 031 019 001 003 255 255 0 
16 55 2.942 122 139 140 130 135 128 138 118 073 074 077 081 082 082 075 078 001 001 002 002 042 021 001 002 000 000 000 000 041 018 000 000 006 007 009 013 040 027 007 016 002 003 006 009 041 029 004 016 000 000 000 000 045 020 000 000 001 001 002 003 039 023 001 005 255 255 0 
16 55 2.942 124 143 146 131 137 126 140 119 066 065 063 071 080 073 067 067 001 002 003 004 039 024 002 003 000 000 000 000 045 021 000 000 004 005 006 009 038 026 004 011 002 003 006 008 039 029 003 015 000 000 000 000 044 020 000 000 001 001 002 003 045 022 001 006 255 255 0 
16 55 3.055 120 144 150 135 148 132 144 124 070 068 065 075 083 077 069 071 000 000 000 001 035 019 000 000 000 000 000 000 046 021 000 000 003 004 005 008 043 025 004 010 002 003 005 007 043 026 003 014 000 000 000 000 042 018 000 000 001 002 002 003 047 024 002 007 255 255 0 
16 55 3.055 126 145 153 138 145 133 145 127 069 065 061 072 085 077 067 069 001 001 001 002 034 019 001 003 000 000 000 000 043 021 000 000 004 005 006 009 048 028 004 009 002 003 006 009 037 029 003 015 000 000 000 000 039 021 000 000 001 001 002 004 051 025 002 007 255 255 0 
16 55 3.160 125 141 150 145 142 133 143 125 069 062 063 075 095 080 069 071 001 001 001 023 041 019 002 003 000 000 000 024 043 021 000 001 003 004 005 012 052 028 004 009 003 003 005 008 033 026 003 016 000 000 000 000 035 019 000 000 001 001 002 004 053 027 002 006 255 255 0 
16 55 3.160 122 143 148 133 140 131 144 123 069 067 064 076 101 083 071 072 001 001 001 001 034 018 001 002 000 000 000 000 036 019 000 000 003 004 005 008 052 027 003 009 002 003 006 013 041 027 004 016 000 000 000 003 037 018 000 000 001 002 003 016 050 025 002 006 255 255 0 
16 55 3.279 123 143 152 138 134 133 142 125 071 068 061 072 097 083 069 070 002 003 003 005 036 024 002 002 000 000 000 006 040 018 000 000 001 001 002 003 051 025 001 007 003 004 006 009 042 029 004 016 000 000 000 000 030 019 000 000 000 001 001 002 049 023 001 004 255 255 0 
16 55 3.279 125 146 154 139 130 131 146 128 067 064 060 074 101 083 068 071 001 002 003 004 038 021 002 003 000 000 001 002 036 021 000 001 001 001 002 004 051 027 003 009 003 003 006 011 051 031 003 016 000 000 000 000 030 018 000 000 000 001 002 003 045 023 001 004 255 255 0 
16 55 3.279 125 148 152 139 128 130 148 128 071 069 066 077 106 085 068 074 002 002 002 002 043 020 001 001 001 001 002 003 036 020 001 003 002 003 004 007 052 027 003 006 003 003 006 008 050 030 003 016 000 000 000 000 030 018 000 000 000 001 002 003 041 023 001 004 255 255 0 
16 55 3.384 125 146 154 138 119 131 147 127 071 068 065 075 102 087 070 074 001 001 002 002 045 027 001 002 001 000 001 001 033 018 000 000 001 001 002 003 044 026 002 005 002 003 005 008 054 032 003 015 000 000 000 000 029 017 000 000 000 000 001 003 038 023 000 004 255 255 0 
16 55 3.384 122 144 148 133 121 126 143 123 073 070 067 076 099 084 071 075 003 003 003 003 049 023 003 003 000 000 001 001 030 019 000 001 001 001 001 002 039 023 001 003 003 003 006 008 057 033 003 016 000 000 000 000 034 017 000 000 000 000 003 004 039 024 001 006 255 255 0 
