16 47 58.673 088 055 087 105 066 089 057 016 070 000 069 081 012 045 000 000 051 023 063 089 032 056 022 027 086 038 081 097 057 071 034 038 139 127 134 143 116 111 092 091 113 069 098 104 068 088 065 074 089 052 092 109 088 080 047 059 084 042 084 107 095 094 065 064 255 255 0 
16 47 58.770 108 096 104 117 100 101 098 105 100 036 091 100 048 031 042 022 075 024 053 069 031 020 039 033 086 060 081 103 074 047 052 046 091 049 082 110 100 070 058 089 125 062 098 105 071 062 060 075 103 076 094 110 076 068 062 072 089 047 078 089 067 063 063 077 255 255 0 
16 47 58.770 111 087 116 124 100 086 085 094 094 048 090 103 082 074 030 030 094 031 099 098 059 064 049 034 095 053 094 108 086 069 056 013 078 024 070 086 056 056 021 021 101 028 097 104 068 056 037 025 064 039 083 095 052 054 004 001 115 151 143 141 115 101 090 059 255 255 0 
16 47 58.869 088 045 085 094 086 082 073 079 086 038 081 078 035 056 031 041 100 034 090 088 061 064 057 064 093 073 099 093 085 082 067 072 092 040 084 082 098 109 047 082 095 010 096 092 064 052 010 041 084 041 075 084 067 073 028 011 121 176 138 139 123 115 155 164 255 255 0 
16 47 58.869 104 066 092 089 084 075 065 059 079 016 062 057 034 049 007 009 087 014 088 075 037 012 049 067 090 033 075 079 075 040 050 050 091 028 081 120 098 082 069 066 124 090 126 124 107 100 090 081 108 058 086 078 065 069 044 055 102 043 084 088 066 069 035 048 255 255 0 
16 47 58.966 086 077 104 106 095 093 088 091 100 024 075 069 053 058 009 035 090 030 099 101 071 109 123 092 114 054 089 086 071 077 049 045 105 081 116 120 101 101 118 124 117 061 121 138 117 111 062 058 107 027 080 061 034 046 025 035 087 034 081 086 094 096 140 110 255 255 0 
16 47 58.966 087 035 075 085 064 075 061 072 087 006 073 066 039 050 000 000 080 046 130 148 125 117 099 097 128 072 096 087 052 077 032 009 078 041 082 087 074 080 032 031 100 070 102 120 114 116 093 094 133 068 120 105 079 089 037 040 106 100 118 122 106 106 086 072 255 255 0 
16 47 59.066 099 060 093 092 067 088 064 052 069 003 067 064 001 047 000 000 060 005 073 126 105 107 089 120 117 050 101 089 058 071 029 032 118 117 128 126 117 120 132 123 117 072 095 086 086 092 060 047 103 033 100 025 057 048 008 006 063 017 064 049 090 093 101 083 255 255 0 
16 47 59.066 095 006 077 055 042 024 003 004 068 000 063 061 051 033 000 000 075 024 072 070 068 051 123 115 106 000 089 021 048 039 000 000 079 035 076 066 055 061 036 037 087 017 077 068 039 053 018 023 089 007 088 074 011 040 002 001 105 055 107 111 097 088 091 108 255 255 0 
16 47 59.167 091 015 070 059 039 043 026 020 070 000 061 000 000 024 000 000 141 168 155 162 150 129 143 147 099 001 074 000 001 036 006 009 087 048 085 051 052 074 059 064 081 026 078 031 031 064 027 032 084 001 082 001 003 046 000 000 059 004 065 009 008 048 006 008 255 255 0 
16 47 59.167 081 004 085 061 045 055 003 002 058 000 059 045 036 033 000 000 073 008 071 056 041 023 002 012 087 015 094 086 067 059 015 012 123 099 117 111 105 095 104 108 106 044 100 093 081 081 049 036 077 015 090 083 030 061 016 012 123 066 113 100 060 080 063 079 255 255 0 
16 47 59.266 091 022 094 087 026 063 009 002 070 000 062 058 005 048 000 000 121 087 133 143 132 128 142 147 084 005 082 077 067 044 000 001 090 010 080 065 018 034 015 016 068 004 069 070 014 049 014 017 068 000 065 062 002 049 000 007 122 043 110 110 044 077 021 023 255 255 0 
16 47 59.266 073 019 077 084 062 071 008 009 075 000 066 060 023 054 000 000 104 030 076 107 101 111 075 101 080 000 065 061 041 067 003 003 108 055 120 111 086 104 071 068 078 013 078 078 049 071 013 018 074 000 070 071 045 066 001 001 107 052 111 118 082 107 053 059 255 255 0 
16 47 59.365 070 005 061 023 045 067 001 002 082 000 075 050 034 057 000 000 063 003 065 026 029 067 006 100 092 090 110 101 106 116 104 100 116 033 099 024 055 083 025 035 081 013 067 025 042 070 014 014 079 001 071 055 035 063 003 003 091 029 098 086 094 114 094 070 255 255 0 
16 47 59.365 099 010 068 041 044 071 011 009 079 000 074 004 010 058 000 000 060 000 066 054 071 092 048 044 101 027 078 046 048 070 026 064 115 098 125 100 062 099 047 051 085 003 067 048 018 068 011 008 069 000 069 061 042 064 013 012 098 053 101 099 086 092 057 098 255 255 0 
16 47 59.465 085 002 066 052 005 048 008 017 077 000 074 057 000 053 000 000 070 000 058 090 086 103 016 020 078 002 073 059 051 045 002 002 091 051 101 101 094 096 068 078 104 018 080 064 037 061 028 030 089 005 075 074 047 071 004 011 122 105 120 116 109 116 068 084 255 255 0 
16 47 59.465 084 020 079 074 055 065 023 022 075 010 079 080 058 054 015 006 104 038 085 075 050 061 062 050 102 063 101 098 055 078 050 048 096 060 106 111 086 101 075 067 131 086 130 113 071 092 066 076 101 069 110 106 061 089 059 074 101 038 086 082 046 086 016 009 255 255 0 
16 47 59.579 063 004 066 063 049 054 004 029 073 009 073 080 055 066 006 017 133 095 117 122 089 085 065 074 093 037 092 092 029 069 008 006 093 052 104 109 091 096 048 036 088 022 094 098 068 079 040 017 065 009 076 084 072 072 026 046 164 212 176 181 172 158 162 130 255 255 0 
16 47 59.579 113 095 116 100 087 091 073 069 087 022 084 080 061 060 019 026 087 015 087 089 063 067 041 038 078 003 072 075 063 068 010 035 136 086 120 125 126 132 146 152 120 054 119 138 131 117 095 106 091 024 082 080 072 076 047 054 080 000 069 075 059 064 000 034 255 255 0 
16 47 59.654 087 071 100 101 093 100 093 104 109 034 084 077 068 071 018 027 094 032 082 071 071 089 030 036 088 032 080 074 074 089 052 067 099 042 100 139 130 117 095 105 127 065 107 108 107 116 081 097 102 014 078 073 048 067 025 038 094 031 083 085 077 086 028 011 255 255 0 
16 47 59.654 089 015 075 071 061 075 043 044 072 000 065 064 045 062 000 036 084 010 081 086 084 099 032 072 103 035 085 084 064 081 049 076 102 037 102 133 111 110 165 140 133 064 099 069 069 094 034 075 110 034 088 044 031 073 010 045 080 000 062 000 003 063 000 048 255 255 0 
16 47 59.757 103 054 091 070 062 096 076 094 100 020 080 060 015 069 008 048 086 024 086 081 021 076 003 061 103 019 083 068 023 075 029 067 102 130 128 122 154 147 152 143 142 072 111 102 064 096 047 073 101 009 083 058 020 072 008 037 080 000 062 021 013 062 016 051 255 255 0 
16 47 59.757 115 034 088 062 028 072 019 016 071 000 062 053 002 059 000 000 071 000 065 064 017 067 005 001 083 003 078 070 025 063 010 002 084 018 085 125 102 120 191 172 109 009 077 063 064 074 011 039 109 010 082 075 048 063 003 002 125 155 135 128 109 118 152 083 255 255 0 
16 47 59.858 093 019 083 075 056 062 036 054 081 008 064 042 036 053 008 033 080 005 067 048 040 053 014 040 102 039 095 056 039 060 021 040 136 105 124 108 109 120 063 113 125 086 104 073 093 103 086 064 083 039 104 053 084 079 034 062 094 027 083 019 046 082 065 073 255 255 0 
16 47 59.858 118 078 123 091 111 107 079 081 087 025 078 025 056 066 022 044 087 032 080 026 061 075 026 048 097 050 102 060 099 103 063 066 100 034 083 027 058 079 041 050 102 071 109 080 101 110 089 094 120 072 112 073 103 110 054 057 107 057 100 060 096 106 094 094 255 255 0 
16 47 59.957 124 094 127 096 116 118 090 083 096 029 080 018 052 073 030 028 080 032 082 034 066 080 027 027 089 047 101 062 099 106 064 065 115 112 127 095 100 108 095 115 123 083 107 075 086 105 086 099 114 063 104 053 067 095 063 086 113 047 101 038 041 073 026 019 255 255 0 
16 47 59.957 090 072 102 066 065 090 076 056 081 022 067 000 000 036 018 008 069 027 071 013 014 053 031 012 079 035 081 033 038 072 050 029 128 124 147 136 139 130 131 111 131 117 133 116 116 116 117 119 130 088 114 071 064 085 068 090 113 073 110 068 065 085 040 051 255 255 0 
16 48 0.056 102 084 112 090 093 103 097 106 109 042 089 023 020 040 012 042 075 036 085 040 045 060 051 079 105 049 089 042 044 052 057 089 117 071 114 076 074 077 076 096 115 089 114 101 106 102 103 116 122 077 109 059 056 070 055 080 111 065 101 098 079 096 095 089 255 255 0 
16 48 0.056 098 063 101 064 069 086 080 081 101 037 091 022 013 047 013 004 067 014 074 020 022 052 024 020 089 038 089 036 037 065 047 048 101 058 105 056 097 097 076 056 107 085 118 091 092 101 095 084 103 043 096 046 050 079 049 059 104 101 145 131 121 124 123 133 255 255 0 
16 48 0.157 119 084 108 048 052 074 050 040 078 020 079 007 015 060 011 000 063 006 066 001 013 058 028 039 088 032 083 021 020 057 024 036 084 039 092 045 093 102 108 103 148 111 135 094 082 107 101 100 123 083 112 062 065 084 074 075 101 054 092 064 036 062 054 083 255 255 0 
16 48 0.157 100 049 094 079 046 067 044 073 085 006 075 055 012 057 017 060 087 010 061 000 000 042 017 056 088 028 075 021 027 062 039 066 114 074 107 083 073 094 081 095 159 134 149 144 146 129 130 127 125 076 106 054 043 076 052 074 097 042 084 026 024 067 045 082 255 255 0 
16 48 0.257 112 081 108 075 077 093 075 091 091 022 078 013 015 068 027 068 100 026 073 003 000 046 008 049 086 036 082 045 033 068 035 070 097 027 077 035 020 070 036 094 172 159 168 164 175 155 159 166 123 048 092 058 030 068 030 069 097 034 078 041 017 060 027 074 255 255 0 
16 48 0.257 120 085 107 089 082 096 082 108 104 033 076 029 018 065 035 083 110 044 089 036 016 058 017 055 087 035 078 045 038 073 049 086 120 063 096 049 049 083 101 134 164 132 147 168 173 149 133 142 137 080 102 059 065 090 075 091 113 066 098 055 052 082 050 080 255 255 0 
16 48 0.356 125 113 127 107 091 102 101 122 110 049 082 023 025 065 040 074 105 048 090 038 040 076 031 041 083 027 074 033 042 072 044 054 104 050 091 048 049 078 049 069 137 130 138 134 139 136 143 149 137 062 102 040 034 070 047 064 097 042 086 044 047 079 039 060 255 255 0 
16 48 0.356 097 063 100 070 070 090 064 082 093 019 075 008 008 055 005 051 087 017 079 027 029 076 028 072 093 020 076 020 025 068 029 069 096 075 108 063 072 103 082 096 153 120 144 152 142 142 137 147 122 034 088 019 018 061 013 038 086 013 072 006 007 060 006 028 255 255 0 
16 48 0.465 080 010 066 012 018 059 020 048 073 000 061 000 000 048 000 025 074 000 065 001 007 067 011 052 102 011 074 007 009 058 007 049 095 025 081 045 059 093 052 070 155 143 151 151 152 146 156 157 141 065 111 042 032 073 025 041 078 017 073 015 013 061 012 032 255 255 0 
16 48 0.465 100 048 089 030 025 065 034 049 071 000 059 000 000 052 005 000 065 003 064 000 004 061 022 048 093 030 085 008 010 061 015 007 151 175 161 145 133 138 151 159 171 171 166 175 170 152 162 153 122 072 109 053 052 088 044 049 078 031 075 054 031 073 035 026 255 255 0 
16 48 0.540 088 052 095 075 049 078 056 058 069 014 065 000 000 050 017 006 071 020 059 000 000 055 028 041 094 043 086 021 017 063 016 021 136 140 133 124 165 145 156 137 117 077 110 092 070 101 095 108 102 042 092 058 013 075 024 051 083 011 069 031 001 054 010 045 255 255 0 
16 48 0.540 093 031 085 043 010 062 033 036 062 000 048 020 000 044 007 006 076 013 055 026 000 049 002 029 092 034 082 058 030 081 030 055 140 066 091 079 071 099 071 089 136 140 137 131 144 137 133 131 122 072 109 100 065 102 077 095 124 060 100 082 032 070 029 033 255 255 0 
16 48 0.643 108 079 118 110 088 102 064 061 076 000 053 005 015 054 011 006 070 011 068 044 036 063 007 006 077 028 088 063 071 093 041 044 117 051 089 065 063 095 079 081 140 132 135 120 135 142 163 172 119 057 106 096 088 100 063 085 120 055 114 098 063 084 027 034 255 255 0 
16 48 0.643 092 052 100 092 093 097 048 013 071 000 059 026 028 054 000 000 063 000 060 015 046 066 003 015 075 013 072 040 063 087 035 038 106 026 092 039 064 084 040 052 143 167 157 176 155 150 182 168 116 055 098 032 061 081 048 060 103 051 102 072 069 087 029 032 255 255 0 
16 48 0.741 080 042 087 056 074 093 047 071 094 000 066 000 011 051 000 011 066 003 061 006 032 064 007 021 082 013 073 015 042 076 020 027 135 099 134 108 117 126 102 099 136 143 144 138 128 135 147 136 106 040 092 052 057 077 023 060 092 026 090 035 059 089 026 039 255 255 0 
16 48 0.741 087 034 080 036 058 083 039 065 087 000 073 009 011 057 000 010 062 000 055 023 028 061 003 025 083 018 072 039 036 073 021 050 145 131 147 140 107 116 079 100 146 139 131 117 131 135 140 131 108 047 099 080 071 088 027 053 079 022 091 077 075 095 035 074 255 255 0 
16 48 0.839 098 044 089 040 058 080 046 078 095 003 079 003 043 071 006 013 071 003 057 000 024 058 013 036 087 035 084 041 048 073 036 063 098 038 095 048 065 088 028 074 179 189 167 145 152 148 203 176 112 032 090 068 069 080 012 049 076 007 077 069 060 086 023 065 255 255 0 
16 48 0.839 087 035 083 065 055 075 027 055 085 003 085 080 063 086 004 052 092 000 064 051 027 063 004 046 090 016 076 079 055 086 021 065 123 082 111 117 101 122 079 129 182 161 161 154 133 141 141 138 120 081 109 093 086 102 059 055 097 040 083 055 069 095 049 048 255 255 0 
16 48 0.939 086 050 085 042 053 078 032 054 074 000 068 004 054 085 013 048 103 002 072 029 030 059 000 024 079 051 079 067 078 103 093 114 120 150 140 134 143 153 113 147 169 125 161 131 121 126 122 114 105 060 092 004 044 067 023 045 089 017 067 035 049 067 018 024 255 255 0 
16 48 0.939 069 027 073 054 042 077 057 055 080 000 063 047 006 068 016 020 106 021 106 078 003 060 000 011 073 056 084 067 057 083 056 066 100 070 102 101 094 104 149 147 208 213 194 186 186 179 183 156 107 029 079 056 037 059 002 030 069 002 064 015 013 058 016 045 255 255 0 
16 48 1.041 073 032 063 040 032 050 011 054 078 000 054 000 027 057 006 062 109 013 093 000 025 066 000 043 080 006 065 064 053 072 024 055 111 056 089 065 057 097 101 120 177 169 169 152 166 163 161 175 134 061 087 033 028 061 022 039 081 022 060 052 043 059 017 044 255 255 0 
16 48 1.041 086 048 055 069 071 070 027 017 070 001 047 057 044 064 005 025 111 057 095 058 118 129 094 077 109 015 065 008 023 058 026 010 120 138 116 121 109 113 108 140 118 096 121 053 097 104 056 091 109 021 092 039 069 061 019 014 070 015 056 037 049 061 018 015 255 255 0 
16 48 1.139 057 056 049 068 048 074 076 070 063 029 000 001 027 060 018 000 064 008 001 007 079 091 020 001 083 012 005 017 042 066 001 000 064 051 007 031 066 079 033 028 134 167 107 182 186 188 174 164 139 068 043 060 090 093 020 010 052 000 013 030 040 067 017 002 255 255 0 
16 48 1.139 086 029 062 016 039 071 023 024 060 000 016 000 024 060 008 000 064 016 048 036 029 086 020 014 102 034 100 047 053 084 003 002 073 063 073 085 082 120 123 115 140 135 119 115 132 133 120 105 113 034 113 022 089 109 024 036 071 000 041 031 008 061 001 007 255 255 0 
16 48 1.243 116 064 103 011 029 069 003 019 059 000 032 001 023 066 000 023 124 125 104 109 135 139 119 131 103 015 101 004 008 074 000 010 095 054 070 065 070 094 049 032 114 102 099 108 108 117 107 100 092 037 121 085 093 111 038 008 073 015 064 030 025 069 024 015 255 255 0 
16 48 1.243 100 063 119 066 044 089 054 030 063 011 046 036 036 067 019 000 088 032 071 082 092 110 103 094 114 032 107 014 066 087 003 001 070 073 095 065 059 097 105 084 096 056 058 003 054 099 082 078 090 089 124 035 063 105 054 058 028 001 088 031 007 064 006 008 255 255 0 
16 48 1.322 051 045 019 033 024 081 049 016 000 002 000 000 021 063 014 000 056 071 055 064 077 121 106 063 072 037 070 004 007 076 010 003 131 106 091 083 069 097 074 082 114 093 058 022 051 085 061 036 060 067 077 058 083 102 060 056 106 094 133 123 100 111 067 127 255 255 0 
16 48 1.322 101 061 105 108 106 106 020 017 057 000 061 052 027 065 004 000 056 053 056 073 076 111 078 067 084 035 082 091 074 093 003 014 137 111 161 149 113 127 138 145 106 074 083 087 074 091 013 022 073 036 071 084 060 094 059 051 126 110 146 132 120 119 069 073 255 255 0 
16 48 1.457 085 049 092 104 087 097 011 007 082 005 091 079 037 071 001 020 059 013 048 057 034 074 021 007 074 021 071 091 070 096 024 027 164 159 185 185 164 163 152 128 108 072 085 080 059 090 051 012 059 034 065 082 058 085 027 021 125 110 141 138 089 116 064 067 255 255 0 
16 48 1.457 080 057 089 102 071 106 057 022 089 001 100 084 005 064 000 000 105 048 090 130 120 127 128 124 070 005 063 077 049 076 015 036 151 129 161 162 140 137 102 103 107 043 085 087 053 088 057 049 065 036 073 088 067 090 010 023 137 132 168 173 155 170 168 177 255 255 0 
16 48 1.457 074 025 061 072 018 069 034 032 096 017 101 092 006 061 000 000 057 004 050 063 003 057 011 003 063 034 061 084 039 078 033 017 137 119 168 176 118 142 081 064 105 067 104 104 082 104 088 089 088 045 078 103 075 103 086 084 101 069 116 119 075 111 074 069 255 255 0 
16 48 1.566 085 053 082 097 063 093 089 076 115 067 124 120 060 102 049 035 093 026 083 079 009 055 010 025 068 032 061 070 028 072 051 052 099 049 103 105 058 108 065 058 135 112 143 120 099 116 106 109 118 083 094 097 052 071 042 028 101 119 121 114 130 124 099 066 255 255 0 
16 48 1.566 062 019 057 060 044 060 022 006 077 015 096 096 064 088 006 037 099 000 093 085 078 072 049 056 089 041 067 081 056 060 021 042 084 015 083 109 084 110 058 088 133 077 143 152 087 115 077 057 076 024 074 092 055 074 051 058 089 056 080 096 074 093 080 044 255 255 0 
16 48 1.672 073 021 065 085 050 063 009 020 077 006 082 090 080 090 030 021 102 025 107 096 037 070 000 008 063 010 060 096 056 077 090 079 116 066 097 114 097 105 077 104 156 130 174 178 152 148 122 121 115 065 114 126 103 133 149 129 117 070 090 093 086 081 043 073 255 255 0 
16 48 1.672 069 008 060 064 044 068 039 017 065 000 065 081 083 085 005 000 087 008 102 114 116 098 004 000 066 000 054 074 120 093 019 012 080 015 070 086 076 084 029 002 094 040 129 135 161 143 095 103 191 199 180 187 168 168 216 208 090 017 064 072 066 075 027 031 255 255 0 
16 48 1.757 071 008 054 055 058 061 012 010 069 011 065 073 077 082 015 047 100 018 102 114 126 112 011 025 086 004 070 075 065 075 006 013 075 004 062 081 079 090 051 044 112 015 102 105 138 126 039 057 184 206 191 183 162 149 111 096 097 050 076 076 081 091 044 047 255 255 0 
16 48 1.757 094 046 090 084 084 094 062 041 007 012 056 013 019 021 016 026 054 041 091 075 046 062 011 004 056 005 049 030 026 045 011 008 056 023 073 107 135 109 119 156 094 012 066 113 184 143 163 118 119 056 107 000 001 063 005 001 039 000 039 035 019 053 001 002 255 255 0 
16 48 1.857 074 058 091 066 054 078 018 024 037 005 051 012 046 055 022 022 058 004 068 006 033 062 043 052 086 003 083 000 017 048 006 006 058 017 059 011 032 053 041 028 077 081 103 094 122 114 112 059 100 056 099 085 083 090 083 032 061 011 045 017 032 043 021 019 255 255 0 
16 48 1.857 082 008 070 036 009 039 000 005 057 000 043 008 030 050 009 004 066 000 053 001 014 067 010 017 088 017 088 014 031 071 009 009 092 057 082 066 081 080 041 006 093 056 079 085 057 075 046 032 168 196 195 182 210 170 183 213 096 002 071 030 033 066 011 001 255 255 0 
16 48 1.958 080 017 103 080 084 085 037 036 053 000 041 026 034 034 008 000 064 008 057 045 030 049 022 028 086 012 091 072 021 058 009 003 073 008 057 069 067 075 063 056 114 088 098 092 073 089 084 111 152 162 166 157 126 144 146 143 110 013 080 000 012 023 011 021 255 255 0 
16 48 1.958 092 034 090 003 067 062 002 015 067 000 050 000 028 045 000 017 065 000 054 000 043 055 002 046 086 008 077 000 074 077 003 072 099 011 077 000 030 058 013 024 100 052 081 050 088 088 070 065 157 162 166 210 200 178 194 179 125 066 114 032 035 067 016 011 255 255 0 
16 48 2.060 071 023 074 053 040 051 015 043 076 006 062 047 000 033 006 009 064 000 057 040 000 035 000 026 074 002 065 041 007 055 010 049 102 032 084 055 047 062 009 021 083 015 090 044 051 069 062 059 130 108 118 123 106 131 121 144 115 035 097 029 085 080 018 007 255 255 0 
16 48 2.060 112 102 123 095 123 111 096 093 096 021 071 009 015 049 000 016 060 000 057 037 026 048 007 006 075 008 069 061 056 062 012 054 140 087 137 132 110 101 117 086 084 038 094 089 077 096 024 043 152 160 147 145 124 124 090 133 100 032 091 081 065 078 015 011 255 255 0 
16 48 2.157 093 057 086 042 060 075 012 039 078 000 071 000 024 036 000 000 053 000 053 038 028 045 000 027 077 000 065 053 018 046 012 052 135 093 132 120 127 107 075 065 140 148 142 135 112 104 036 061 148 202 175 182 149 167 207 197 090 004 077 003 049 053 004 026 255 255 0 
16 48 2.157 097 071 103 066 085 083 066 079 083 000 069 000 000 018 000 011 062 000 053 000 021 016 000 018 072 008 065 000 016 013 000 033 104 050 103 090 123 080 056 083 141 100 122 098 090 060 040 097 125 170 163 188 144 171 188 163 089 002 071 048 040 003 001 037 255 255 0 
16 48 2.259 073 002 062 028 023 006 003 035 081 000 070 049 000 002 000 023 086 000 061 042 004 003 000 027 077 000 064 047 018 016 000 031 124 077 111 107 102 090 087 104 103 011 123 115 105 109 108 109 181 214 179 183 196 212 221 191 102 004 075 052 031 008 006 048 255 255 0 
16 48 2.259 072 003 061 014 002 006 002 028 077 000 064 027 000 005 000 034 092 000 064 012 010 004 000 027 078 001 062 036 002 010 000 038 103 042 089 067 050 051 051 089 118 035 099 046 041 040 040 065 169 201 176 199 206 206 206 187 096 001 073 013 001 002 001 043 255 255 0 
16 48 2.373 077 006 066 036 005 006 007 046 081 000 064 038 002 000 000 049 096 000 074 037 000 000 000 034 077 000 063 036 000 000 000 042 120 076 107 087 083 087 087 115 136 067 117 084 062 069 076 092 193 234 192 229 235 236 235 205 096 001 075 025 002 001 000 037 255 255 0 
16 48 2.373 072 005 066 013 008 006 005 039 080 000 062 009 000 001 001 043 095 000 073 020 000 000 000 026 076 000 059 033 002 000 000 020 102 046 093 067 036 033 028 054 124 080 119 083 077 083 082 093 177 185 166 183 191 197 178 183 093 000 071 000 001 002 000 008 255 255 0 
16 48 2.454 063 002 061 002 002 003 002 010 073 002 065 002 001 004 003 009 081 000 072 000 000 001 000 000 072 000 061 000 000 001 000 000 087 038 092 040 039 039 044 043 114 082 117 101 085 085 087 086 169 159 165 154 164 163 163 159 088 002 072 043 001 002 002 004 255 255 0 
16 48 2.454 067 000 059 017 003 003 002 009 067 000 064 000 000 002 000 010 073 001 071 000 001 000 001 009 086 000 067 000 000 001 001 008 087 036 097 081 081 080 079 087 121 085 112 081 083 076 080 082 174 176 174 168 174 211 210 189 086 003 072 000 000 001 001 008 255 255 0 
16 48 2.537 075 003 065 006 006 008 005 027 068 000 063 000 003 001 002 033 073 001 066 001 000 001 000 045 095 001 074 000 000 000 000 032 109 083 111 078 075 076 083 103 122 062 107 066 067 070 070 099 176 172 174 171 169 168 164 159 089 001 068 000 001 000 000 037 255 255 0 
16 48 2.537 089 004 073 004 004 004 004 037 074 000 063 001 002 002 003 037 083 001 065 000 001 001 002 026 093 002 078 000 000 000 000 019 109 083 110 083 090 084 088 094 126 080 115 082 080 080 079 100 159 144 157 150 143 151 150 146 092 002 068 000 001 001 002 033 255 255 0 
16 48 2.639 087 008 074 003 004 005 005 036 070 002 061 001 002 002 003 036 082 002 065 000 000 000 003 036 091 002 077 000 000 000 001 030 118 076 106 070 077 073 078 094 134 098 125 097 098 097 098 108 154 140 155 144 142 145 141 147 103 002 076 000 000 000 003 024 255 255 0 
16 48 2.639 080 008 074 002 004 002 005 028 072 002 060 002 003 002 004 020 077 002 067 036 001 000 001 025 081 004 078 034 000 001 005 027 115 063 103 083 068 062 067 079 133 098 123 110 099 098 099 106 141 123 140 133 122 125 122 131 102 003 087 065 000 000 000 032 255 255 0 
16 48 2.741 078 007 081 070 007 006 007 054 087 001 069 062 003 004 005 049 078 000 067 060 000 000 000 045 086 001 071 070 002 000 002 055 137 078 121 114 080 077 077 096 122 086 117 112 081 082 079 108 154 141 150 151 144 148 148 157 108 003 088 065 001 000 001 042 255 255 0 
16 48 2.741 075 003 071 066 004 004 004 056 094 002 072 061 003 004 004 047 084 000 064 060 001 000 000 045 088 000 067 068 001 001 000 056 133 077 122 122 075 075 076 102 121 078 112 112 081 080 077 101 165 137 144 144 131 132 132 143 101 001 082 050 002 001 000 038 255 255 0 
16 48 2.845 077 003 063 042 006 004 004 048 094 004 078 048 044 008 005 041 073 000 062 017 000 001 000 042 083 000 063 028 000 002 001 049 130 075 117 090 078 074 075 096 117 075 104 084 076 079 079 101 146 135 148 137 138 140 140 146 094 002 082 040 002 000 000 038 255 255 0 
16 48 2.845 078 002 064 035 003 002 003 040 090 003 079 047 005 003 004 038 079 000 060 040 000 000 000 036 084 001 068 041 002 000 000 045 141 108 133 123 111 110 112 133 139 079 115 085 076 079 080 093 154 143 151 141 138 142 141 144 087 003 075 002 005 001 002 053 255 255 0 
16 48 2.927 080 004 067 012 006 003 003 051 090 007 081 007 006 004 008 053 089 001 065 000 000 000 002 047 087 005 071 001 001 000 004 052 141 113 133 115 114 111 116 141 146 091 130 101 097 101 099 116 138 112 126 108 103 106 099 107 091 005 074 022 007 004 012 058 255 255 0 
16 48 2.927 086 021 078 043 013 012 021 060 093 026 088 060 028 026 026 069 105 000 071 040 000 000 000 039 089 006 071 047 005 002 005 043 143 130 136 124 123 127 126 145 159 115 146 125 108 105 111 118 125 099 121 105 090 092 096 110 093 006 075 039 001 001 008 036 255 255 0 
16 48 3.058 078 008 064 014 004 003 007 032 079 015 076 035 043 039 053 080 102 006 083 010 000 000 000 027 076 002 068 008 001 000 002 034 121 086 119 095 086 086 090 108 146 096 131 100 095 100 109 117 135 107 128 113 113 114 113 117 091 004 076 021 002 002 002 037 255 255 0 
16 48 3.058 077 007 071 031 007 005 004 013 105 055 098 056 047 044 038 039 095 000 081 010 000 000 000 000 066 000 064 006 001 000 000 001 113 085 116 088 083 082 084 081 136 107 142 121 117 117 118 117 142 112 130 114 109 111 107 109 080 002 071 022 004 002 002 002 255 255 0 
16 48 3.158 064 008 066 021 009 008 008 008 092 052 095 056 050 045 052 056 081 000 076 009 002 001 000 000 067 000 061 003 001 001 000 000 101 088 112 084 088 086 090 088 121 106 131 113 110 113 110 113 131 086 128 098 093 099 099 100 078 001 067 001 001 001 000 000 255 255 0 
16 48 3.158 065 008 063 010 011 008 008 008 091 030 084 049 043 048 057 054 077 001 074 002 002 000 000 000 076 000 066 001 000 000 000 001 107 092 114 086 090 089 091 092 122 093 123 109 108 108 111 108 143 101 137 106 098 104 106 105 071 001 069 001 002 001 000 002 255 255 0 
16 48 3.258 072 008 067 009 008 005 008 013 079 027 082 051 060 056 058 063 082 001 070 004 004 003 002 021 095 004 076 001 000 001 001 016 115 106 123 100 107 107 108 111 133 097 122 101 100 100 101 111 149 107 140 098 101 108 101 106 076 002 067 011 010 009 011 036 255 255 0 
16 48 3.258 108 046 097 047 044 044 046 060 116 088 112 085 086 087 083 093 088 009 070 008 010 009 009 023 095 013 084 012 045 074 076 082 129 112 125 116 119 117 116 120 143 143 150 150 154 160 165 154 146 111 146 117 117 118 114 112 081 001 065 001 002 001 000 018 255 255 0 
16 48 3.374 082 012 078 008 010 010 011 028 084 051 089 048 050 045 045 068 081 000 064 000 000 000 001 042 089 002 076 002 002 001 000 034 116 091 112 094 096 093 095 107 137 123 136 128 127 127 124 135 138 108 138 120 118 117 122 136 097 001 071 000 000 001 001 025 255 255 0 
16 48 3.374 081 005 077 008 007 004 004 022 100 065 094 073 073 078 065 080 079 003 069 000 001 001 000 016 076 003 075 003 005 006 003 008 119 100 118 095 096 094 095 101 132 120 132 119 122 120 120 120 128 113 133 113 112 120 119 122 097 002 079 001 001 001 000 003 255 255 0 
16 48 3.374 072 006 074 004 007 004 005 005 099 062 098 069 073 066 069 071 079 001 067 001 001 001 000 001 069 003 075 023 025 021 014 017 124 088 118 082 084 083 081 087 143 139 142 143 147 143 143 138 131 112 130 113 112 111 111 116 095 001 078 000 000 000 000 009 255 255 0 
16 48 3.518 064 004 066 006 010 002 003 016 082 006 072 007 010 013 012 024 068 000 061 000 004 000 000 003 070 010 068 009 016 009 010 010 120 079 125 082 083 086 088 088 126 124 137 126 124 129 126 125 127 109 134 116 112 115 108 113 089 000 080 000 005 000 000 002 255 255 0 
16 48 3.518 063 001 063 001 004 001 001 002 088 038 096 032 033 038 050 048 065 000 064 000 000 000 000 000 069 000 065 000 004 000 001 001 105 057 107 060 064 062 063 061 122 103 122 111 116 117 125 126 137 117 140 121 117 121 123 125 088 001 078 001 003 000 000 004 255 255 0 
16 48 3.518 068 001 063 001 002 001 001 018 111 065 109 061 069 065 070 075 075 000 062 000 001 000 000 021 077 000 065 000 002 000 000 021 103 042 096 044 047 043 043 058 125 080 110 083 094 098 095 105 126 097 124 103 097 099 094 103 084 001 069 001 003 000 000 006 255 255 0 
