14 32 51.043 025 032 028 050 059 028 032 055 094 089 095 114 140 090 091 106 098 092 096 108 137 093 092 095 000 000 000 025 048 000 000 018 027 034 031 062 100 033 033 061 054 064 058 082 123 068 067 080 000 000 000 024 049 000 000 017 019 022 022 049 069 024 023 051 255 255 0 
14 32 51.043 025 032 027 048 053 028 031 054 095 090 095 109 130 091 090 107 097 091 094 113 138 092 092 097 000 000 000 025 047 000 000 018 025 025 028 056 077 031 031 062 058 067 059 088 125 071 071 093 000 000 000 026 058 000 000 016 021 024 022 048 060 027 027 051 255 255 0 
14 32 51.161 025 031 027 047 062 030 032 051 097 090 096 102 117 089 090 107 100 093 097 112 139 092 091 105 000 000 000 026 056 000 000 017 026 031 028 052 069 031 031 059 056 065 062 090 132 071 069 094 000 000 000 029 072 000 000 017 019 022 021 043 057 023 021 043 255 255 0 
14 32 51.161 023 029 025 043 063 026 029 051 092 086 091 098 099 087 087 106 094 090 099 116 152 097 096 108 000 000 000 029 067 000 000 017 023 035 031 056 061 034 034 057 058 068 063 092 130 068 067 090 000 000 000 034 076 000 000 016 021 023 022 045 059 024 023 043 255 255 0 
14 32 51.258 025 033 027 051 075 029 031 051 096 092 097 100 098 096 096 104 103 098 102 120 145 097 097 110 000 000 000 030 078 000 000 015 029 034 032 047 063 035 035 052 058 065 060 084 116 067 064 089 000 000 000 037 085 000 000 020 024 026 025 042 053 028 026 043 255 255 0 
14 32 51.258 027 034 030 058 090 031 033 049 102 095 099 100 095 091 091 099 097 093 096 111 138 097 097 112 000 000 000 034 081 000 000 018 027 033 028 047 061 031 032 047 053 065 060 080 097 067 066 088 000 000 000 036 086 000 000 026 022 024 022 046 064 025 025 038 255 255 0 
14 32 51.350 027 033 030 061 102 030 033 050 099 092 097 095 095 095 095 103 098 096 100 111 125 097 096 111 000 000 000 036 085 000 000 022 027 030 027 047 066 030 031 048 051 060 056 072 081 062 064 083 000 000 001 038 091 000 000 030 017 022 020 046 080 023 023 041 255 255 0 
14 32 51.350 025 032 028 061 106 030 033 054 095 088 092 095 094 091 094 099 102 096 100 108 107 096 097 111 000 000 000 038 087 000 000 029 022 027 024 046 073 028 027 043 056 062 059 075 079 073 073 088 000 000 001 037 088 000 000 033 020 022 021 051 088 023 022 038 255 255 0 
14 32 51.440 025 032 028 062 108 029 032 058 094 087 100 101 102 097 085 090 093 086 090 096 089 086 085 101 000 000 001 039 091 000 000 031 019 023 021 050 083 028 030 045 062 070 066 074 075 074 073 084 000 000 000 037 086 000 000 034 019 022 021 056 095 025 024 040 255 255 0 
14 32 51.440 025 031 028 062 108 028 031 062 092 085 091 098 113 087 087 093 088 083 089 093 092 085 084 096 000 000 000 038 089 000 000 030 024 030 028 059 098 029 030 048 071 081 076 085 082 083 081 089 000 000 000 035 073 000 000 031 027 029 029 061 104 030 029 051 255 255 0 
14 32 51.529 032 038 035 065 096 036 038 069 107 100 105 111 135 089 091 090 084 080 085 092 087 082 082 090 000 000 000 036 078 000 000 034 022 029 027 059 099 030 032 049 061 069 063 079 081 071 070 083 000 000 000 033 060 000 000 030 022 023 024 055 102 027 026 053 255 255 0 
14 32 51.529 027 033 029 061 087 030 033 062 102 095 100 112 136 089 089 093 089 084 084 093 087 083 083 089 000 000 000 033 063 000 000 029 026 028 028 062 104 036 037 061 073 084 081 087 097 086 086 092 000 000 000 029 056 000 000 025 027 029 029 062 109 030 028 057 255 255 0 
14 32 51.621 031 036 033 058 073 034 038 067 107 098 104 116 145 098 099 104 086 083 087 097 093 084 084 088 000 000 000 030 060 000 000 025 033 034 035 066 108 035 036 063 071 078 073 085 109 084 084 089 000 000 000 027 053 000 000 023 030 030 030 062 109 032 030 063 255 255 0 
14 32 51.621 031 036 033 054 070 034 036 063 109 099 106 118 152 098 099 109 088 080 084 095 112 080 081 083 000 000 000 028 054 000 000 022 025 031 032 061 110 034 034 060 075 084 079 098 120 083 080 081 000 000 000 025 048 000 000 019 026 027 027 055 099 028 026 058 255 255 0 
14 32 51.718 030 035 031 056 059 031 033 059 106 098 103 119 150 096 088 101 079 078 083 097 114 077 075 079 000 000 000 025 050 000 000 020 029 031 031 063 107 032 032 061 071 079 075 095 134 079 080 085 000 000 000 024 045 000 000 018 027 029 027 053 085 029 028 057 255 255 0 
14 32 51.718 029 034 031 054 063 031 034 057 102 092 101 115 141 093 094 112 063 073 081 096 122 074 074 079 000 000 000 024 046 000 000 018 025 029 028 057 087 030 030 061 065 075 072 092 128 076 080 090 000 000 000 024 049 000 000 016 024 026 026 048 064 028 027 053 255 255 0 
14 32 51.816 026 031 027 048 053 028 033 053 096 088 095 109 124 087 088 104 077 071 076 097 127 071 069 082 000 000 000 024 046 000 000 017 026 029 028 053 077 028 029 057 072 077 074 096 128 078 077 096 000 000 000 029 060 000 000 016 023 025 024 044 061 027 027 049 255 255 0 
14 32 51.816 031 036 032 049 056 034 036 057 109 098 105 107 110 098 098 110 078 075 081 102 137 077 078 094 000 000 000 027 055 000 000 016 023 028 027 049 064 029 029 055 064 072 067 092 134 073 073 092 000 000 000 030 070 000 000 015 022 024 023 047 062 026 025 042 255 255 0 
14 32 51.914 024 030 026 046 067 027 030 051 092 087 092 100 097 087 087 103 084 079 084 105 138 080 081 096 000 000 000 028 065 000 000 016 025 029 027 049 057 031 031 054 063 073 067 090 124 073 072 094 000 000 000 034 074 000 000 017 022 024 024 041 052 025 025 041 255 255 0 
14 32 51.914 024 030 026 050 074 027 030 048 093 085 091 096 086 085 086 098 084 079 083 103 140 079 079 098 000 000 000 032 069 000 000 015 025 030 028 047 062 029 031 050 063 071 066 086 117 073 071 096 000 000 000 034 078 000 000 020 020 022 021 042 053 023 025 040 255 255 0 
14 32 52.011 023 028 025 051 085 025 028 045 092 084 090 092 088 084 084 093 083 076 081 098 120 077 077 100 000 000 000 035 082 000 000 019 026 030 027 047 060 031 030 048 059 068 067 084 103 068 067 090 000 000 000 035 078 000 000 024 024 026 025 042 058 028 026 040 255 255 0 
14 32 52.011 026 032 029 060 099 029 032 050 095 088 094 098 085 087 087 096 082 078 083 098 104 079 078 099 000 000 000 036 077 000 000 022 029 033 031 052 063 034 034 047 063 072 065 079 088 068 067 088 000 000 001 038 085 000 000 025 024 026 023 052 081 027 027 042 255 255 0 
14 32 52.108 028 034 031 062 103 029 031 056 102 095 099 099 091 094 094 100 091 085 089 098 096 087 086 102 000 000 001 038 082 000 000 026 031 036 033 055 079 036 036 051 059 073 066 078 081 073 072 085 000 000 001 038 086 000 000 031 027 030 028 057 090 033 029 044 255 255 0 
14 32 52.108 030 037 033 063 106 032 035 061 102 096 101 104 099 095 095 100 092 087 091 098 088 089 088 099 000 000 000 037 085 000 000 026 033 037 035 060 091 037 038 050 057 066 064 070 076 065 069 080 000 000 000 035 079 000 000 029 028 030 030 060 100 032 030 049 255 255 0 
14 32 52.206 028 034 031 065 101 031 034 060 104 097 100 107 118 095 096 095 092 086 089 095 093 088 088 094 000 000 000 036 083 000 000 028 027 031 029 061 099 037 038 053 060 068 062 076 072 069 069 082 000 000 000 033 066 000 000 029 024 026 026 057 095 029 027 051 255 255 0 
14 32 52.206 024 030 028 060 093 028 031 062 095 087 093 107 127 087 087 091 084 079 083 087 087 078 079 090 000 000 000 034 071 000 000 028 026 030 028 059 101 030 030 052 059 064 060 073 074 070 070 080 000 000 000 030 061 000 000 026 025 028 026 058 098 028 026 051 255 255 0 
14 32 52.304 027 033 029 059 080 030 033 061 095 090 093 108 140 087 087 094 085 083 084 091 086 079 079 088 000 000 000 031 068 000 000 027 022 027 025 057 100 027 027 051 054 069 066 075 087 068 068 076 000 000 000 027 054 000 000 024 025 026 025 056 101 028 026 053 255 255 0 
14 32 52.304 024 030 027 052 072 028 031 060 101 095 100 113 140 089 091 101 086 081 084 093 100 081 081 084 000 000 000 028 056 000 000 024 025 028 027 059 109 032 032 056 059 062 062 080 102 066 065 073 000 000 000 025 048 000 000 020 024 028 027 057 102 026 026 055 255 255 0 
14 32 52.401 028 035 032 052 065 034 037 064 092 090 101 113 142 094 090 100 088 079 083 094 114 079 079 086 000 000 000 026 051 000 000 022 030 033 031 062 112 032 032 057 060 074 069 092 121 075 076 083 000 000 000 025 048 000 000 017 024 026 026 053 095 028 027 053 255 255 0 
14 32 52.401 027 032 028 052 062 030 033 056 093 085 091 107 142 085 086 101 083 077 083 103 132 090 090 085 000 000 000 023 057 000 000 018 020 023 023 055 102 024 025 056 063 070 065 086 128 070 069 081 000 000 000 023 055 000 000 017 023 023 023 052 081 026 026 050 255 255 0 
14 32 52.499 032 038 034 052 061 036 039 061 107 101 105 114 135 099 101 115 080 079 083 103 138 080 081 085 000 000 000 024 046 000 000 015 030 037 035 060 090 039 038 063 059 063 060 087 131 070 069 085 000 000 000 025 055 000 000 014 024 025 023 051 066 027 025 047 255 255 0 
14 32 52.499 023 029 025 043 056 025 029 051 093 087 092 102 121 085 089 103 084 076 081 100 136 077 077 087 000 000 000 025 052 000 000 015 031 036 032 053 075 032 033 056 061 070 066 090 130 072 071 089 000 000 000 028 065 000 000 015 022 023 025 044 060 027 026 046 255 255 0 
14 32 52.598 023 029 025 044 061 027 031 052 091 083 090 096 098 083 083 098 080 073 087 112 139 088 086 100 000 000 000 028 061 000 000 015 038 042 037 060 070 043 043 063 058 065 063 091 130 069 067 087 000 000 000 033 071 000 000 014 028 030 029 050 056 032 033 049 255 255 0 
14 32 52.598 031 038 033 053 072 035 038 056 103 096 100 104 098 095 095 109 085 084 089 108 145 087 086 103 000 000 000 031 073 000 000 015 036 041 038 058 063 042 043 059 058 064 063 090 119 071 067 090 000 000 000 036 083 000 000 017 024 025 024 042 052 026 025 046 255 255 0 
14 32 52.694 028 034 030 057 083 031 034 050 099 096 100 103 100 095 094 105 085 079 083 106 134 085 084 102 000 000 000 034 076 000 000 015 038 043 039 059 061 043 043 059 060 068 062 088 102 073 071 094 000 000 000 034 082 000 000 020 025 027 024 041 055 027 026 040 255 255 0 
14 32 52.694 028 035 030 061 100 032 034 050 101 094 094 095 091 083 083 090 075 075 079 100 119 074 074 093 000 000 000 034 081 000 000 019 034 039 036 053 063 039 039 057 058 072 067 083 091 074 072 090 000 000 001 036 085 000 000 025 024 026 024 045 072 027 025 037 255 255 0 
14 32 52.792 022 028 025 054 103 025 028 048 093 084 090 092 087 086 083 093 081 077 087 103 113 085 083 099 000 000 001 037 085 000 000 021 037 042 038 059 071 042 042 054 061 070 065 077 085 072 070 090 000 000 001 037 086 000 000 026 031 039 035 057 087 038 035 048 255 255 0 
14 32 52.792 030 035 031 065 104 032 035 058 102 096 101 102 100 095 095 101 085 080 088 095 098 087 087 102 000 000 001 036 086 000 000 028 035 040 037 061 090 039 041 053 060 071 065 076 080 070 068 084 000 000 001 036 085 000 000 030 026 028 027 057 096 030 028 046 255 255 0 
14 32 52.890 023 029 026 059 103 026 028 056 091 083 088 091 103 081 082 085 077 077 080 086 088 086 086 098 000 000 001 037 089 000 000 025 037 040 038 067 101 041 042 052 061 072 063 078 078 067 069 084 000 000 000 036 081 000 000 028 035 039 037 068 110 041 039 057 255 255 0 
14 32 52.890 030 036 033 064 099 033 036 061 096 090 096 102 127 090 091 092 081 081 083 091 084 081 081 090 000 000 000 034 080 000 000 026 035 041 037 067 109 038 039 056 057 064 060 074 074 071 068 080 000 000 000 032 062 000 000 027 037 038 039 070 114 040 040 060 255 255 0 
14 32 52.988 029 036 032 060 090 033 036 064 099 093 098 107 139 092 091 094 081 083 085 092 084 083 083 090 000 000 000 033 069 000 000 026 036 042 039 070 115 040 041 056 055 072 065 075 084 073 071 079 000 000 000 029 059 000 000 022 027 028 028 061 110 028 030 052 255 255 0 
14 32 52.988 024 029 026 054 079 026 029 061 090 081 088 102 139 081 081 088 074 073 077 086 092 074 073 079 000 000 000 030 064 000 000 024 028 032 030 063 110 031 033 052 067 076 069 085 104 075 074 080 000 000 000 027 054 000 000 021 028 030 030 062 111 030 028 055 255 255 0 
14 32 53.086 024 030 026 052 068 027 029 059 090 081 088 103 142 080 081 092 078 071 075 085 099 070 071 079 000 000 000 028 056 000 000 022 026 031 029 064 106 030 031 057 063 068 064 080 105 070 068 075 000 000 000 025 049 000 000 019 028 029 030 060 104 031 028 058 255 255 0 
14 32 53.086 023 029 024 046 063 025 028 055 090 080 087 109 146 080 081 094 075 073 077 095 119 074 074 078 000 000 000 025 051 000 000 019 028 031 029 062 110 031 033 059 062 071 065 087 130 072 072 077 000 000 000 024 046 000 000 018 026 028 027 054 091 030 029 057 255 255 0 
14 32 53.184 023 029 026 046 063 027 030 055 085 076 083 101 140 075 081 094 074 072 077 097 121 073 073 076 000 000 000 024 046 000 000 018 027 031 028 059 096 030 030 059 064 072 068 091 128 072 071 087 000 000 000 025 049 000 000 017 025 027 026 049 071 027 026 052 255 255 0 
14 32 53.184 022 028 024 043 057 025 029 051 089 081 088 099 123 079 079 100 073 072 076 098 130 071 072 078 000 000 000 024 046 000 000 017 027 031 029 056 077 031 031 060 061 070 065 090 128 071 070 089 000 000 000 028 059 000 000 017 023 024 024 045 065 028 027 050 255 255 0 
14 32 53.281 021 026 023 047 060 024 027 048 087 079 086 100 114 079 079 098 079 071 076 099 132 073 073 084 000 000 000 025 053 000 000 016 026 031 028 053 071 030 031 057 062 070 064 089 130 069 069 090 000 000 000 030 069 000 000 016 024 026 025 044 060 028 027 047 255 255 0 
14 32 53.281 024 030 025 044 063 026 029 049 088 081 086 096 095 080 080 094 075 073 078 103 142 073 073 089 000 000 000 029 065 000 000 015 027 032 030 052 064 032 032 052 062 070 065 089 127 069 069 092 000 000 000 035 074 000 000 015 024 025 024 041 052 030 028 045 255 255 0 
14 32 53.379 024 030 025 048 070 027 029 049 084 075 082 086 089 072 072 084 071 067 072 095 140 071 070 089 000 000 000 032 071 000 000 014 027 031 028 049 056 031 031 051 060 068 063 089 114 067 066 088 000 000 000 037 082 000 000 018 031 031 029 050 054 031 031 049 255 255 0 
14 32 53.379 022 027 023 054 091 024 027 045 084 076 082 086 088 075 075 085 072 070 076 097 123 071 071 093 000 000 000 035 082 000 000 016 026 030 028 048 053 032 032 047 060 065 061 081 096 067 064 083 000 000 000 038 087 000 000 023 027 027 028 048 061 029 029 043 255 255 0 
14 32 53.476 022 028 025 054 099 025 028 046 085 077 082 086 085 076 077 086 073 071 076 094 116 071 071 092 000 000 000 035 082 000 000 020 028 032 029 049 059 031 031 048 058 068 063 081 086 068 068 088 000 000 001 035 086 000 000 026 030 028 027 050 076 028 029 043 255 255 0 
14 32 53.476 023 029 026 057 100 026 029 052 086 077 082 085 085 076 077 085 077 070 074 087 099 071 071 092 000 000 000 036 085 000 000 025 027 031 028 051 073 031 031 046 059 067 062 078 084 068 067 084 000 000 001 036 089 000 000 028 028 029 029 056 090 031 029 042 255 255 0 
14 32 53.574 023 029 026 058 101 026 030 056 084 076 082 085 094 075 076 082 078 071 075 086 090 071 071 088 000 000 001 038 089 000 000 027 028 032 028 056 083 031 031 047 059 067 061 076 077 068 066 079 000 000 000 036 086 000 000 030 027 029 028 058 100 029 027 043 255 255 0 
14 32 53.574 022 027 025 058 102 024 027 056 086 077 083 093 112 077 078 084 080 072 076 087 086 072 073 085 000 000 000 037 087 000 000 032 028 032 030 061 103 032 032 045 059 067 062 075 073 068 067 079 000 000 000 035 073 000 000 031 026 028 027 059 103 030 028 049 255 255 0 
14 32 53.672 023 029 026 058 094 027 029 060 086 073 084 098 120 077 078 082 079 072 076 085 080 072 073 082 000 000 000 036 081 000 000 029 028 033 030 063 109 033 033 049 059 067 062 075 077 069 068 078 000 000 000 032 059 000 000 028 027 029 029 062 109 029 029 052 255 255 0 
14 32 53.672 023 029 026 055 089 024 027 059 087 079 086 103 141 078 079 087 076 069 078 087 088 075 074 082 000 000 000 032 065 000 000 028 029 033 031 063 111 033 033 055 060 068 063 079 092 070 069 078 000 000 000 027 054 000 000 024 026 027 025 057 105 030 029 056 255 255 0 
14 32 53.768 022 028 025 051 072 025 028 058 085 077 082 100 135 075 076 087 078 071 075 083 088 070 071 080 000 000 000 029 061 000 000 026 027 032 030 063 114 032 032 056 058 066 061 079 106 067 066 074 000 000 000 026 052 000 000 022 029 029 027 059 108 034 032 058 255 255 0 
14 32 53.768 021 027 023 051 065 024 027 054 081 072 079 105 134 075 075 091 073 071 075 087 107 071 071 079 000 000 000 026 052 000 000 023 027 032 030 062 111 031 032 059 058 066 062 085 116 067 067 073 000 000 000 024 046 000 000 019 031 032 032 056 094 033 031 062 255 255 0 
14 32 53.867 021 027 023 050 060 024 028 053 084 076 083 102 143 076 076 093 073 071 076 092 116 070 071 079 000 000 000 025 049 000 000 020 027 031 029 061 106 031 031 062 059 067 062 087 128 067 067 076 000 000 000 024 045 000 000 018 030 030 031 059 086 034 032 058 255 255 0 
14 32 53.867 021 026 022 048 055 024 027 053 082 074 079 101 133 072 072 089 076 067 072 090 125 068 067 074 000 000 000 024 045 000 000 018 026 030 029 058 090 031 029 058 062 070 062 090 126 068 068 081 000 000 000 024 051 000 000 016 032 033 032 052 071 034 033 057 255 255 0 
14 32 53.964 022 028 024 042 054 025 028 051 084 075 081 095 122 075 075 095 078 071 076 097 129 071 071 083 000 000 000 024 047 000 000 016 026 030 028 053 079 030 031 058 059 067 062 090 129 067 067 085 000 000 000 027 062 000 000 015 032 034 033 051 064 035 034 053 255 255 0 
14 32 53.964 023 029 025 043 057 026 029 050 083 075 081 092 106 078 077 095 079 074 079 101 139 073 073 085 000 000 000 025 055 000 000 015 028 031 029 053 069 030 031 056 061 069 064 088 129 069 068 089 000 000 000 029 072 000 000 016 031 032 031 053 064 034 032 049 255 255 0 
14 32 54.061 022 028 024 042 062 024 027 047 082 077 083 091 091 076 078 094 075 073 078 102 142 074 073 088 000 000 000 028 069 000 000 016 027 030 028 049 059 030 031 053 060 069 064 084 125 068 068 091 000 000 000 032 079 000 000 016 030 031 031 052 058 033 032 046 255 255 0 
14 32 54.061 023 029 025 047 083 025 029 048 086 078 083 090 086 076 077 091 075 069 078 101 137 073 074 092 000 000 000 031 079 000 000 015 026 031 028 048 053 030 031 050 060 068 063 087 114 068 068 090 000 000 000 032 081 000 000 019 030 031 030 049 057 034 033 046 255 255 0 
14 32 54.159 023 029 025 051 090 026 029 047 087 079 084 091 087 079 078 089 076 074 079 100 125 075 075 092 000 000 000 033 080 000 000 016 028 032 029 049 053 032 032 047 063 071 065 081 093 072 072 089 000 000 001 035 083 000 000 025 032 032 031 053 070 033 031 046 255 255 0 
14 32 54.159 024 030 026 055 105 026 029 049 088 081 085 091 082 079 080 084 074 073 078 096 101 074 073 092 000 000 000 035 081 000 000 022 027 031 029 050 062 032 033 045 063 070 064 077 085 071 069 089 000 000 001 037 090 000 000 027 030 032 031 055 090 034 033 044 255 255 0 
14 32 54.257 025 031 027 058 101 028 031 055 085 076 082 085 087 076 075 081 080 072 077 091 093 073 073 087 000 000 001 037 088 000 000 025 026 029 027 049 073 030 029 045 059 065 060 075 076 066 064 079 000 000 001 036 089 000 000 029 030 030 028 057 093 031 030 044 255 255 0 
14 32 54.257 023 030 026 057 102 026 029 058 084 075 081 087 100 075 075 079 076 072 077 089 083 073 071 087 000 000 000 035 089 000 000 030 027 030 027 054 094 030 028 042 059 065 061 074 072 067 066 077 000 000 000 034 080 000 000 028 029 029 029 058 101 031 030 047 255 255 0 
14 32 54.355 025 031 028 060 104 028 031 060 085 076 083 093 114 076 076 080 077 071 076 086 086 073 072 081 000 000 000 035 086 000 000 027 025 028 027 057 098 028 029 045 058 065 060 072 067 066 065 075 000 000 000 033 067 000 000 028 027 029 029 060 105 031 029 050 255 255 0 
14 32 54.355 024 031 027 058 092 028 031 061 085 075 082 096 121 076 075 079 080 071 076 085 081 071 071 082 000 000 000 033 073 000 000 026 026 030 027 058 101 030 030 050 063 072 066 076 081 074 071 081 000 000 000 029 061 000 000 025 029 031 032 061 110 033 032 054 255 255 0 
14 32 54.454 023 029 026 054 082 027 030 059 090 082 088 099 136 080 082 086 081 073 078 089 081 075 076 083 000 000 000 031 067 000 000 025 027 032 030 061 109 033 034 057 062 070 065 077 093 071 070 080 000 000 000 027 054 000 000 023 031 032 032 061 112 035 032 057 255 255 0 
14 32 54.454 025 031 028 053 073 028 032 058 086 080 085 104 134 079 079 095 082 074 078 089 093 075 074 080 000 000 000 028 056 000 000 024 027 031 029 062 113 029 031 057 061 070 065 080 105 070 069 078 000 000 000 024 049 000 000 020 031 033 032 058 106 035 033 060 255 255 0 
14 32 54.550 024 030 026 049 062 027 030 058 086 081 086 107 141 079 079 096 078 074 077 091 109 074 074 078 000 000 000 026 052 000 000 021 028 032 030 064 108 032 033 058 064 071 066 086 122 071 070 078 000 000 000 023 056 000 000 018 029 030 029 058 097 032 030 056 255 255 0 
14 32 54.550 023 029 024 046 062 027 031 056 085 077 083 102 145 079 080 095 080 072 079 099 123 075 076 080 000 000 000 024 047 000 000 018 030 033 031 061 104 033 033 060 064 073 067 090 128 074 073 081 000 000 000 024 046 000 000 017 030 032 030 057 078 032 035 060 255 255 0 
14 32 54.646 026 032 028 049 057 031 033 054 092 086 093 107 132 084 085 103 085 077 081 099 133 077 077 084 000 000 000 023 055 000 000 018 030 033 032 055 097 035 037 065 077 083 079 102 141 084 082 094 000 000 000 026 055 000 000 015 031 034 034 055 075 036 035 058 255 255 0 
14 32 54.646 031 036 032 047 062 032 035 055 099 094 100 110 125 094 093 109 078 078 082 100 136 078 078 090 000 000 000 024 051 000 000 015 031 035 032 052 075 037 039 064 075 082 078 103 146 083 081 096 000 000 000 028 068 000 000 016 034 035 035 054 066 037 036 056 255 255 0 
14 32 54.744 027 033 029 050 061 030 033 050 101 091 097 102 109 092 092 106 083 076 081 102 141 077 077 092 000 000 000 027 061 000 000 015 033 038 036 057 065 039 039 060 074 081 076 100 141 082 081 097 000 000 000 032 073 000 000 014 034 036 034 052 060 037 035 052 255 255 0 
14 32 54.744 028 033 030 053 073 030 033 050 099 093 099 103 102 092 092 105 086 079 083 105 140 078 078 095 000 000 000 029 073 000 000 014 032 039 036 055 067 039 039 057 074 081 077 099 128 082 081 100 000 000 000 034 082 000 000 015 033 036 036 053 060 038 036 052 255 255 0 
14 32 54.844 030 035 032 053 091 033 036 053 096 085 092 097 088 087 087 101 078 069 072 098 129 077 077 096 000 000 000 033 079 000 000 014 027 031 028 048 051 031 032 048 061 069 064 082 104 071 070 093 000 000 000 036 086 000 000 019 030 031 030 052 064 036 035 050 255 255 0 
14 32 54.844 027 033 029 058 096 029 032 047 096 087 094 098 089 089 089 094 081 073 078 098 116 073 073 093 000 000 000 034 081 000 000 019 029 032 030 049 057 031 031 048 063 071 066 081 090 071 073 091 000 000 000 037 086 000 000 027 031 033 033 051 072 035 035 046 255 255 0 
14 32 54.939 025 031 027 058 100 028 031 053 090 083 086 092 085 079 079 089 075 072 078 096 097 073 074 093 000 000 001 036 086 000 000 026 029 033 030 052 070 032 033 045 062 071 066 078 085 071 070 088 000 000 000 037 090 000 000 027 029 030 029 056 084 034 031 046 255 255 0 
14 32 54.939 023 030 025 056 099 025 027 050 087 079 085 090 087 079 080 080 080 073 077 090 087 072 072 088 000 000 000 037 089 000 000 027 027 031 028 053 085 029 030 045 062 070 065 076 079 069 067 084 000 000 000 036 089 000 000 029 031 034 033 059 101 032 032 044 255 255 0 
14 32 55.037 025 031 028 061 107 026 029 057 089 081 087 098 105 080 081 083 076 074 077 090 085 074 074 087 000 000 001 038 089 000 000 027 035 038 036 063 102 037 038 051 072 078 075 082 079 079 078 089 000 000 000 035 077 000 000 028 036 037 036 065 106 038 036 054 255 255 0 
14 32 55.037 029 035 032 062 105 031 034 060 097 090 096 100 124 089 090 090 076 068 077 087 088 074 074 083 000 000 000 035 085 000 000 027 029 034 032 059 105 034 034 048 067 071 073 080 075 080 079 089 000 000 000 033 064 000 000 026 036 037 037 069 114 040 038 059 255 255 0 
14 32 55.136 028 034 032 059 090 032 034 062 097 087 094 108 138 085 086 090 075 068 077 086 083 073 074 082 000 000 000 032 069 000 000 027 027 032 029 061 107 030 030 053 061 069 062 075 083 068 067 076 000 000 000 029 059 000 000 025 032 033 033 063 116 035 034 056 255 255 0 
14 32 55.136 024 030 026 054 080 027 029 058 085 077 082 099 133 076 077 086 077 070 078 087 092 075 074 081 000 000 000 030 065 000 000 023 026 031 029 062 109 030 030 053 062 069 063 082 094 070 067 076 000 000 000 027 054 000 000 022 032 034 034 062 114 036 033 056 255 255 0 
14 32 55.235 025 031 027 053 071 028 031 059 086 074 081 099 134 073 074 086 081 074 078 091 098 074 074 078 000 000 000 027 055 000 000 022 028 031 030 062 115 031 032 054 061 068 063 084 113 069 068 074 000 000 000 024 048 000 000 018 031 031 032 058 102 034 032 057 255 255 0 
14 32 55.235 022 028 025 046 063 025 029 055 086 077 083 101 144 075 077 091 081 074 077 093 115 073 073 077 000 000 000 025 051 000 000 021 027 032 030 062 109 031 030 058 060 067 063 088 118 069 067 075 000 000 000 024 045 000 000 018 032 033 032 057 088 034 032 057 255 255 0 
14 32 55.330 023 029 025 045 061 025 028 053 083 078 084 103 143 077 077 096 076 074 079 100 126 075 074 077 000 000 000 024 047 000 000 018 027 031 029 059 097 031 031 059 058 066 063 089 124 068 067 079 000 000 000 023 056 000 000 017 031 032 031 057 077 032 033 055 255 255 0 
14 32 55.330 021 027 024 041 054 025 030 051 082 072 080 094 125 074 075 090 079 072 074 095 134 072 074 080 000 000 000 024 045 000 000 017 024 029 026 051 080 028 029 055 059 069 065 088 123 069 068 086 000 000 000 025 055 000 000 015 030 032 032 050 064 034 033 054 255 255 0 
14 32 55.430 024 031 026 045 059 028 031 053 086 076 082 094 113 075 075 091 075 068 078 100 134 075 073 084 000 000 000 023 061 000 000 015 026 030 028 050 069 028 029 053 058 065 060 087 136 066 066 084 000 000 000 027 069 000 000 015 030 031 030 053 062 033 031 052 255 255 0 
14 32 55.430 023 029 025 043 062 026 029 049 086 077 084 092 099 076 076 091 077 075 080 100 139 075 075 090 000 000 000 027 063 000 000 014 026 030 027 048 059 029 029 051 059 065 060 085 131 066 065 085 000 000 000 031 081 000 000 014 032 033 032 045 060 035 033 049 255 255 0 
14 32 55.525 023 029 025 046 076 026 029 048 086 077 081 087 092 075 075 088 078 075 080 099 139 075 075 091 000 000 000 030 076 000 000 013 027 030 027 048 054 030 030 050 056 064 059 082 112 065 064 084 000 000 000 034 081 000 000 017 032 033 032 046 060 032 031 048 255 255 0 
14 32 55.525 022 028 024 048 081 024 028 045 082 074 081 085 085 075 077 086 078 075 080 097 125 075 074 090 000 000 000 032 078 000 000 015 027 031 027 047 061 032 032 046 057 065 061 082 102 067 066 085 000 000 000 034 083 000 000 021 032 032 032 046 066 033 032 044 255 255 0 
14 32 55.624 022 028 025 053 097 025 028 046 085 077 082 086 086 076 077 087 079 077 081 096 109 076 077 095 000 000 000 035 083 000 000 018 027 031 028 048 057 030 031 047 056 065 060 078 089 066 066 084 000 000 001 038 088 000 000 022 032 033 032 051 079 034 032 044 255 255 0 
14 32 55.624 023 030 026 056 098 026 029 050 081 074 080 082 078 075 075 083 083 076 081 092 098 078 076 093 000 000 001 037 089 000 000 023 027 031 029 052 071 031 032 044 058 066 060 075 078 066 065 081 000 000 001 038 090 000 000 025 030 031 030 057 089 030 030 042 255 255 0 
14 32 55.722 023 029 026 058 101 026 029 054 088 079 083 088 087 078 077 084 084 077 081 090 086 078 077 093 000 000 000 037 087 000 000 026 028 032 029 057 085 032 032 044 058 067 061 076 079 068 068 081 000 000 000 036 087 000 000 027 030 032 032 057 100 033 031 048 255 255 0 
14 32 55.722 022 028 025 058 101 025 028 055 083 076 081 089 102 075 076 081 083 076 080 086 090 081 078 091 000 000 000 037 087 000 000 029 028 032 030 061 098 032 032 044 058 066 061 074 071 068 068 080 000 000 000 035 074 000 000 029 027 028 028 059 101 031 030 050 255 255 0 
14 32 55.818 020 026 024 056 091 023 026 055 083 075 081 093 123 075 075 079 084 076 082 088 078 079 079 087 000 000 000 035 078 000 000 029 028 032 029 061 106 031 031 051 059 067 061 074 073 068 067 078 000 000 000 031 066 000 000 026 029 030 031 065 105 032 031 055 255 255 0 
14 32 55.818 023 029 025 054 088 026 029 062 087 080 081 096 126 073 074 080 083 074 077 086 082 074 074 081 000 000 000 033 066 000 000 028 025 030 028 060 106 029 029 054 056 064 058 070 085 064 063 074 000 000 000 029 057 000 000 025 031 033 033 063 112 035 033 057 255 255 0 
14 32 55.917 022 028 023 056 070 024 028 058 082 078 084 104 131 080 080 087 081 079 083 090 090 080 079 087 000 000 000 029 061 000 000 025 029 033 031 066 108 033 033 057 062 070 065 079 106 072 071 080 000 000 000 026 052 000 000 023 027 030 031 064 106 034 033 057 255 255 0 
14 32 55.917 021 027 023 052 066 025 027 056 084 076 083 102 140 076 077 092 082 075 079 093 107 075 076 081 000 000 000 027 055 000 000 022 026 030 029 063 113 031 031 058 058 066 061 083 113 067 066 071 000 000 000 024 048 000 000 018 031 032 032 057 098 034 032 057 255 255 0 
14 32 56.017 023 030 026 048 057 027 030 057 084 077 087 108 144 081 081 095 081 079 084 098 116 078 076 081 000 000 000 026 050 000 000 019 028 033 030 063 111 032 033 059 059 067 062 088 119 069 068 076 000 000 000 025 046 000 000 017 029 032 032 055 093 034 032 057 255 255 0 
14 32 56.017 022 027 023 049 057 025 028 052 082 076 083 100 133 078 079 099 079 078 081 099 130 077 077 083 000 000 000 024 046 000 000 018 028 033 030 061 096 033 033 059 060 068 063 092 128 068 066 078 000 000 000 025 051 000 000 015 031 032 032 051 071 035 033 056 255 255 0 
14 32 56.112 022 028 024 042 054 025 028 050 083 075 082 095 123 079 079 100 085 078 081 100 135 078 077 087 000 000 000 023 057 000 000 016 028 032 030 056 079 032 033 056 060 067 063 091 129 069 067 083 000 000 000 026 058 000 000 014 028 029 028 051 063 031 029 050 255 255 0 
14 32 56.112 022 028 024 041 053 025 029 048 081 073 079 095 107 072 074 088 080 072 077 100 134 071 070 084 000 000 000 026 055 000 000 014 026 031 029 053 070 032 032 051 060 066 061 089 128 066 065 079 000 000 000 031 075 000 000 013 031 033 031 053 062 032 030 047 255 255 0 
