11 00 35.221 012 021 018 062 037 055 021 062 000 000 000 045 010 028 000 016 000 000 000 040 014 032 000 026 035 053 048 082 065 073 052 088 040 046 048 089 061 071 047 067 024 027 029 064 041 048 031 053 027 025 026 065 042 055 025 061 097 080 083 118 097 102 081 101 255 255 0 
11 00 35.221 012 021 017 058 038 054 022 062 000 000 000 053 013 035 000 020 000 000 000 041 012 030 000 024 036 050 046 083 063 074 053 085 041 046 047 095 061 079 045 071 027 032 032 063 044 055 032 046 028 025 026 066 041 055 027 056 096 078 081 116 099 105 081 108 255 255 0 
11 00 35.315 013 026 018 056 036 049 024 057 000 000 000 055 017 041 000 030 000 000 000 039 013 031 000 021 035 047 045 080 060 066 052 077 045 054 054 099 071 085 055 090 028 038 036 072 045 057 038 053 031 031 032 068 046 058 033 056 101 091 096 119 110 112 096 121 255 255 0 
11 00 35.315 016 028 024 056 040 048 028 057 000 000 000 053 017 043 000 042 000 000 000 039 011 028 000 022 033 050 046 081 061 066 053 073 038 054 056 092 070 083 053 091 028 035 036 076 047 061 038 052 032 030 035 067 047 060 032 056 106 094 094 120 108 108 096 119 255 255 0 
11 00 35.408 017 029 025 058 040 045 027 049 000 000 001 055 019 044 001 047 001 000 000 046 010 027 000 020 035 050 047 080 060 063 052 069 039 046 047 090 067 077 050 085 023 030 031 085 046 063 038 059 033 032 033 070 047 055 033 050 103 092 095 118 104 100 095 118 255 255 0 
11 00 35.408 016 027 023 060 040 045 028 048 000 000 000 052 019 043 000 047 001 000 000 054 013 034 000 021 034 051 047 081 057 061 048 065 041 052 052 087 068 075 054 087 033 037 040 085 055 074 041 066 029 029 031 069 043 054 030 051 103 091 092 115 094 094 085 100 255 255 0 
11 00 35.529 015 028 023 061 037 045 028 045 000 000 000 047 016 039 000 048 000 000 000 058 014 041 000 032 035 052 045 079 061 063 050 063 044 054 053 087 068 071 053 080 033 038 036 087 056 074 040 077 030 030 031 070 041 051 032 047 104 091 092 114 099 094 092 102 255 255 0 
11 00 35.529 015 028 024 056 037 045 028 047 000 000 000 044 014 038 000 043 001 000 000 057 017 043 000 041 034 047 044 073 053 059 051 063 046 053 054 087 067 069 053 075 032 038 038 085 054 073 037 083 031 031 031 075 041 053 031 050 101 089 092 112 097 091 091 099 255 255 0 
11 00 35.627 015 028 022 058 036 046 027 044 000 000 000 044 014 037 000 036 001 000 000 056 017 043 000 048 034 051 047 085 057 059 050 063 037 042 046 080 057 062 044 066 032 036 036 079 057 070 038 083 032 030 030 083 044 060 031 055 104 093 097 111 098 090 091 096 255 255 0 
11 00 35.627 015 026 023 062 035 043 026 043 000 000 000 044 014 034 000 030 000 000 000 053 019 043 000 045 036 049 047 089 057 064 050 062 039 045 047 081 056 059 045 063 029 034 035 074 050 063 035 073 028 028 027 082 044 060 027 052 100 079 087 110 088 085 079 089 255 255 0 
11 00 35.720 015 027 018 062 030 047 024 035 000 000 000 040 010 032 001 027 000 001 000 048 017 040 000 047 038 054 049 092 065 070 051 075 040 047 047 079 061 061 049 060 032 036 032 070 051 059 034 067 029 025 027 080 044 064 027 066 095 078 081 100 083 080 079 087 255 255 0 
11 00 35.720 013 023 018 067 030 050 020 044 000 000 000 040 013 032 000 025 000 000 000 045 016 036 000 044 035 051 046 096 066 078 051 082 039 045 048 072 057 060 046 062 029 035 034 071 049 058 032 062 029 028 028 081 048 064 030 073 102 084 087 114 087 088 086 091 255 255 0 
11 00 35.801 014 023 020 069 037 058 024 054 000 000 000 038 013 030 000 022 000 000 000 044 015 036 000 036 038 053 048 090 067 079 052 094 041 046 047 082 053 061 045 061 029 031 032 067 045 058 032 055 027 025 026 072 044 063 026 067 097 078 079 116 089 090 078 086 255 255 0 
11 00 35.801 015 026 022 073 039 060 026 065 000 000 000 040 010 026 000 022 000 000 000 044 013 034 000 030 033 049 042 087 063 077 048 085 045 051 052 087 060 069 055 065 030 038 037 071 051 059 036 061 029 028 031 077 046 065 031 072 101 089 089 123 102 104 090 100 255 255 0 
11 00 35.904 015 027 022 069 041 058 027 068 000 000 000 045 009 026 000 017 000 000 000 041 011 030 000 027 032 046 045 083 061 073 049 085 040 046 046 093 057 068 045 063 026 030 030 068 043 051 031 053 029 027 027 069 042 056 029 066 098 082 086 124 099 104 083 104 255 255 0 
11 00 35.904 014 023 020 061 041 052 024 061 000 000 000 052 012 032 000 021 000 002 000 038 014 029 000 024 038 054 049 081 064 070 054 090 041 046 048 090 062 078 047 074 025 028 029 063 044 052 031 049 028 026 025 065 044 056 027 058 099 082 085 121 101 107 083 116 255 255 0 
11 00 36.005 012 022 020 058 035 049 024 059 000 000 000 053 014 042 000 030 000 000 000 039 013 030 000 019 037 054 049 080 062 068 053 079 042 046 047 093 065 077 048 080 029 036 037 073 045 052 037 052 031 031 034 070 046 058 034 057 108 097 097 122 111 113 097 123 255 255 0 
11 00 36.005 015 028 023 061 039 049 026 055 000 000 000 054 017 040 000 038 000 000 001 042 010 024 000 021 035 052 050 079 067 066 053 075 039 045 052 093 068 080 050 087 026 029 037 077 047 058 037 053 032 031 033 068 046 057 036 058 106 095 096 114 106 106 094 124 255 255 0 
11 00 36.093 014 024 022 059 036 047 026 050 000 000 000 053 017 043 000 043 000 000 000 045 011 028 000 018 034 050 046 079 061 063 050 065 040 051 054 091 069 080 053 086 030 036 036 084 046 062 035 050 030 031 032 065 043 052 031 051 104 088 092 113 101 099 091 112 255 255 0 
11 00 36.093 015 024 020 057 036 044 025 043 000 000 000 049 018 041 000 038 000 001 000 050 010 030 000 014 037 053 047 082 057 059 052 066 042 044 047 085 058 067 047 078 025 032 029 085 049 062 031 057 030 028 030 066 042 051 029 047 099 083 086 113 095 094 084 097 255 255 0 
11 00 36.202 011 023 019 055 035 041 024 038 000 000 000 046 017 037 001 038 000 001 000 057 015 037 000 021 037 053 050 077 060 062 053 063 038 044 047 082 058 064 046 069 028 031 032 078 048 064 033 062 028 027 029 066 037 048 028 043 095 079 086 109 092 090 085 093 255 255 0 
11 00 36.202 012 023 020 054 034 038 024 035 000 000 000 045 015 037 000 035 000 002 000 056 015 044 000 029 037 052 050 075 057 059 054 063 039 044 046 082 058 063 045 064 028 033 032 077 050 067 033 065 029 027 030 073 040 048 028 039 101 085 088 105 092 087 085 093 255 255 0 
11 00 36.288 012 022 019 051 034 042 023 038 000 000 000 041 015 038 000 030 000 000 000 054 018 045 001 036 037 052 050 079 059 062 055 063 038 045 050 076 057 064 056 066 030 034 032 071 051 068 038 071 036 038 037 083 047 063 036 049 111 099 101 117 105 096 101 102 255 255 0 
11 00 36.288 018 028 021 057 031 044 025 039 000 000 000 042 016 032 000 025 000 000 000 052 018 042 001 039 039 057 049 084 060 066 055 063 044 054 054 082 065 063 054 068 027 030 034 071 051 064 037 071 034 036 038 086 050 067 037 058 110 096 098 114 103 097 097 096 255 255 0 
11 00 36.388 016 025 021 062 035 045 025 034 000 000 000 038 014 032 002 024 001 000 000 046 015 044 000 038 036 054 047 092 060 072 055 069 036 047 049 075 057 059 044 057 030 035 036 074 051 063 038 071 033 034 031 086 046 069 032 060 104 092 097 109 099 093 097 093 255 255 0 
11 00 36.388 017 027 025 067 036 055 027 043 000 000 000 038 012 032 000 019 000 000 002 047 015 040 003 039 038 052 050 091 066 080 054 076 044 052 054 080 059 064 053 064 035 044 045 078 059 067 047 069 033 033 034 079 051 069 032 065 107 093 097 114 097 091 096 090 255 255 0 
11 00 36.484 014 028 021 068 041 058 025 049 000 000 000 036 011 029 000 019 000 000 001 042 012 034 000 031 033 052 048 087 064 076 050 078 036 044 045 077 051 057 044 054 032 034 039 075 051 059 040 058 031 029 031 080 047 067 030 070 101 086 089 116 095 099 098 092 255 255 0 
11 00 36.484 017 027 024 066 043 058 029 063 000 000 000 038 010 024 000 018 001 002 001 044 016 030 002 029 033 046 044 085 059 072 046 083 043 046 049 082 058 063 051 055 035 043 045 076 056 060 048 060 033 032 034 073 049 063 037 071 109 097 097 127 112 105 097 103 255 255 0 
11 00 36.581 017 028 023 068 044 059 028 061 000 000 000 043 007 028 000 016 000 000 000 039 014 031 001 024 035 049 045 083 064 072 051 083 042 047 047 093 055 069 045 057 032 038 040 070 051 056 038 055 029 029 030 073 045 060 030 064 104 087 088 122 101 107 088 100 255 255 0 
11 00 36.581 013 024 021 062 038 054 023 060 000 000 000 052 013 032 000 013 002 000 002 043 012 028 001 020 038 047 047 085 062 070 050 080 041 046 049 094 065 075 050 069 032 039 042 072 053 059 044 054 032 030 034 069 047 058 035 055 106 094 092 122 105 107 085 108 255 255 0 
11 00 36.689 015 021 020 058 036 047 023 055 000 000 000 053 013 035 000 022 000 000 002 042 015 029 000 018 035 051 047 083 061 066 052 073 042 047 050 092 064 074 048 074 033 038 040 070 049 053 041 050 029 031 031 071 044 054 030 053 102 092 094 126 106 107 091 117 255 255 0 
11 00 36.689 014 026 020 061 035 044 023 050 000 000 000 055 015 041 002 033 000 001 000 039 009 024 000 020 036 052 047 086 064 063 054 071 039 047 048 089 064 073 047 079 032 037 039 081 047 058 038 048 028 027 028 067 041 053 028 047 100 086 088 113 099 102 089 111 255 255 0 
11 00 36.778 011 023 019 056 031 044 024 043 000 000 000 054 018 041 001 035 000 000 001 045 010 024 000 016 041 054 052 085 065 067 057 069 042 049 049 083 064 074 051 079 033 040 039 088 054 067 042 049 032 027 031 074 040 052 032 046 102 089 092 114 101 099 088 106 255 255 0 
11 00 36.778 013 022 018 056 033 041 020 041 000 000 000 051 017 040 000 037 000 001 000 052 012 031 000 014 039 054 051 083 062 063 053 067 039 045 048 082 060 069 048 073 033 034 036 089 052 068 039 059 029 026 028 065 042 050 029 044 101 085 088 108 098 092 086 099 255 255 0 
11 00 36.903 011 022 018 053 032 039 023 040 000 000 000 048 015 041 000 039 000 001 001 058 016 035 000 021 037 052 051 079 061 062 052 060 040 048 048 079 061 068 046 074 035 038 039 090 056 072 038 068 029 025 030 067 039 051 030 046 102 086 088 107 095 093 085 095 255 255 0 
11 00 36.903 012 023 018 053 034 039 024 036 000 000 000 044 015 038 000 036 000 000 000 055 018 041 000 030 035 050 047 078 057 057 051 060 038 046 046 082 058 061 044 063 029 035 037 085 055 073 035 072 029 028 029 073 037 051 028 041 099 083 086 110 095 090 083 091 255 255 0 
11 00 36.985 011 022 018 052 030 042 022 036 000 000 001 048 012 035 000 030 002 002 000 056 018 044 000 030 039 049 049 079 054 061 055 058 038 047 050 079 058 063 048 063 034 033 034 077 052 068 038 070 029 025 027 074 040 053 029 039 104 084 088 107 092 087 085 088 255 255 0 
11 00 36.985 012 023 019 055 027 037 022 037 000 000 000 043 013 032 000 024 000 000 000 053 016 041 000 035 036 050 045 088 054 064 047 057 039 046 046 080 057 059 048 059 032 039 040 077 059 068 043 077 035 031 032 083 049 062 035 054 109 099 100 114 100 094 097 096 255 255 0 
11 00 37.073 014 026 023 066 032 041 026 038 000 000 000 042 012 031 000 023 002 000 000 050 016 040 000 036 037 053 049 092 060 071 053 065 039 050 049 077 061 064 049 062 035 039 041 074 055 067 042 066 030 029 031 084 045 067 030 054 103 086 089 105 088 083 084 090 255 255 0 
11 00 37.073 014 023 019 068 033 046 024 033 000 000 000 041 010 028 000 017 000 002 000 045 014 036 000 037 037 049 046 097 064 073 050 071 041 048 048 074 058 058 049 053 030 038 039 076 051 061 037 059 028 030 028 079 045 066 030 059 102 083 089 113 088 084 087 090 255 255 0 
11 00 37.175 014 028 023 075 040 056 025 045 000 000 000 039 013 031 000 016 000 000 002 049 014 036 000 031 036 052 048 093 067 081 051 080 038 047 051 082 058 063 054 061 032 037 040 072 054 062 039 060 030 028 028 079 046 067 030 062 101 086 087 119 094 094 085 083 255 255 0 
11 00 37.175 015 025 021 072 040 057 023 056 000 000 000 041 008 025 000 018 000 000 000 044 012 032 001 026 038 053 046 096 070 080 051 085 042 049 052 090 059 065 050 054 031 035 039 076 052 059 042 057 032 031 032 074 047 065 033 064 102 086 090 122 099 100 086 093 255 255 0 
