15 16 12.512 065 050 043 040 066 038 050 044 006 000 000 000 068 000 000 006 023 020 020 019 090 018 020 025 025 022 025 023 068 020 022 025 079 082 083 083 111 083 083 100 053 047 054 052 115 049 048 050 016 013 014 015 072 016 013 023 045 051 050 056 084 066 051 064 255 255 0 
15 16 12.512 063 050 043 040 069 037 050 042 003 000 000 000 064 000 000 007 025 021 020 019 095 018 020 025 027 022 025 023 073 020 022 025 079 081 082 082 104 082 081 098 054 047 052 051 111 047 047 050 017 013 014 015 080 016 014 024 048 053 053 060 086 071 056 067 255 255 0 
15 16 12.645 068 052 045 042 078 039 052 044 009 000 000 000 058 000 000 006 029 021 020 020 097 018 021 027 031 023 026 023 082 021 023 025 080 083 084 085 103 085 085 102 056 048 052 050 108 048 048 051 020 014 014 015 090 016 014 023 048 050 050 057 080 067 051 063 255 255 0 
15 16 12.645 064 050 043 040 079 037 050 042 005 000 000 000 051 000 000 006 026 021 020 019 096 018 021 027 026 021 023 022 088 019 021 024 079 082 083 083 096 083 083 098 053 047 053 052 102 049 049 050 017 015 014 015 100 016 013 023 046 053 051 058 085 068 053 064 255 255 0 
15 16 12.742 068 051 044 041 090 038 050 043 009 000 000 000 047 000 000 005 027 021 020 019 087 018 021 028 032 022 024 022 098 019 021 023 080 081 081 082 095 082 081 096 057 048 053 051 090 048 048 051 022 013 014 015 096 016 013 023 048 050 050 057 084 068 052 063 255 255 0 
15 16 12.742 070 050 043 040 092 037 050 042 011 000 000 000 044 000 000 005 028 020 019 018 077 018 020 027 030 021 024 022 099 019 022 023 080 081 081 081 096 081 081 096 057 048 053 052 084 049 048 052 021 013 014 016 088 017 014 025 049 050 051 058 093 070 055 066 255 255 0 
15 16 12.834 071 053 046 043 101 040 052 045 007 000 000 000 047 000 000 004 027 022 021 020 073 020 022 028 032 022 025 024 094 021 023 026 080 083 084 083 105 084 084 098 056 049 055 054 083 051 051 054 021 014 015 016 088 017 014 025 049 052 051 057 101 067 051 062 255 255 0 
15 16 12.834 070 050 044 041 095 038 051 045 010 000 000 000 050 000 000 005 029 020 019 019 063 018 020 028 033 021 024 022 100 019 021 025 080 082 083 083 116 083 083 098 060 049 054 053 080 049 049 051 024 015 015 017 081 018 015 026 052 049 048 057 110 068 052 062 255 255 0 
15 16 12.926 072 051 044 041 092 038 051 044 012 000 000 000 058 000 000 003 030 020 020 019 059 017 020 026 034 020 023 021 092 019 021 024 079 081 081 082 122 083 082 096 060 048 054 053 077 049 049 050 023 014 015 016 074 017 014 026 051 052 051 058 114 068 052 063 255 255 0 
15 16 12.926 072 051 044 041 086 038 051 045 012 000 000 000 065 000 000 003 030 020 020 019 055 018 020 026 034 021 024 023 087 020 022 026 081 084 084 084 132 083 084 098 062 049 054 053 084 049 049 050 023 015 015 016 067 018 014 026 053 051 051 058 115 067 052 063 255 255 0 
15 16 13.016 072 051 044 041 079 039 051 046 010 000 000 000 073 000 000 004 029 020 020 019 059 018 020 026 032 021 024 022 078 020 021 025 080 081 082 082 130 082 082 097 059 047 052 051 084 048 047 050 023 014 015 016 060 017 015 026 050 051 050 056 111 067 051 063 255 255 0 
15 16 13.016 070 050 043 040 071 038 051 045 011 000 000 000 075 000 000 004 029 021 020 019 064 018 020 026 031 021 024 022 071 020 021 026 080 081 082 082 129 081 082 097 058 047 053 051 095 048 048 049 020 014 015 016 057 017 015 027 050 050 050 056 103 067 052 064 255 255 0 
15 16 13.106 069 051 044 041 068 038 051 045 012 000 000 000 077 000 000 006 029 020 019 018 072 017 020 026 029 021 024 022 067 019 021 025 080 083 083 083 126 083 083 099 058 048 055 053 107 049 048 049 021 014 015 016 057 017 014 025 048 051 050 057 097 067 052 064 255 255 0 
15 16 13.106 070 054 047 044 072 041 054 048 009 000 000 000 076 000 000 006 029 021 020 019 082 018 021 026 030 022 024 024 059 021 023 026 080 081 082 082 114 081 081 098 059 050 055 054 114 050 049 050 023 014 015 016 061 018 015 025 049 050 050 056 088 066 051 063 255 255 0 
15 16 13.196 068 051 044 041 069 038 051 044 009 000 000 000 068 000 000 004 029 020 020 019 090 018 021 025 028 021 024 023 066 019 021 023 081 082 082 081 107 081 080 096 059 048 053 053 112 050 049 050 021 014 015 016 062 017 015 024 045 049 049 055 088 065 050 061 255 255 0 
15 16 13.196 068 050 043 040 068 037 050 042 008 000 000 000 062 000 000 006 030 021 020 019 092 018 021 025 032 021 023 022 071 019 021 023 081 080 081 081 101 081 081 097 062 048 054 052 112 049 048 050 025 014 015 016 069 017 015 024 049 051 050 056 074 066 051 063 255 255 0 
15 16 13.291 070 051 044 042 073 038 051 043 011 000 000 000 054 000 000 005 032 021 021 020 094 019 021 027 030 021 024 022 078 020 021 023 080 081 082 081 096 082 082 098 060 046 052 050 105 047 047 049 024 014 015 016 079 017 015 023 049 050 049 056 073 066 052 062 255 255 0 
15 16 13.291 072 051 044 044 083 040 053 044 014 000 000 000 051 000 000 005 034 022 022 021 095 020 022 027 037 023 026 024 078 021 023 024 076 082 082 082 091 083 082 097 062 045 052 050 096 047 045 049 026 014 015 017 086 018 016 024 052 051 053 058 079 068 053 062 255 255 0 
15 16 13.390 076 054 048 044 093 039 052 044 012 000 000 000 046 000 000 005 033 022 022 021 088 020 022 028 037 023 026 023 095 021 022 023 081 081 082 083 093 082 081 096 061 047 050 050 087 046 046 049 030 015 015 016 086 017 015 025 053 050 049 056 080 066 051 060 255 255 0 
15 16 13.390 073 050 043 040 092 038 050 042 015 000 000 000 043 000 000 005 034 021 020 019 077 018 021 028 037 021 024 022 096 019 021 024 077 082 083 083 099 083 083 098 059 046 050 052 085 049 048 051 026 014 015 016 087 017 015 026 050 049 048 054 096 065 050 061 255 255 0 
15 16 13.487 068 049 042 039 104 036 048 040 008 000 000 000 048 000 000 004 027 020 020 019 069 018 020 026 030 020 023 021 097 018 021 023 081 081 080 080 102 080 080 094 060 048 054 052 079 048 048 049 026 014 015 016 085 017 014 025 051 050 049 056 098 065 050 059 255 255 0 
15 16 13.487 070 048 041 038 100 036 048 041 012 000 000 000 051 000 000 004 031 020 020 019 062 018 020 025 031 020 023 021 096 019 020 023 082 081 081 081 111 081 081 095 058 047 053 052 075 048 047 048 023 015 015 017 079 018 015 026 053 052 050 056 106 066 051 060 255 255 0 
15 16 13.587 071 050 043 040 089 038 050 043 012 000 000 000 056 000 000 004 032 021 020 019 058 019 021 027 035 021 024 022 091 019 021 025 080 083 083 083 123 083 082 098 057 046 053 051 075 048 047 049 027 014 015 016 071 018 015 026 053 049 049 055 117 065 050 060 255 255 0 
15 16 13.587 071 052 046 043 089 040 052 045 011 000 000 000 066 000 000 003 031 023 022 021 060 019 023 027 034 022 025 023 088 021 023 026 086 088 090 089 129 088 088 100 057 049 054 053 082 049 049 050 023 014 015 016 065 017 014 026 050 049 048 055 117 065 049 060 255 255 0 
15 16 13.681 066 048 041 038 082 036 049 042 010 000 000 000 074 000 000 004 029 020 020 018 059 017 020 025 031 020 023 021 075 019 020 024 078 081 081 081 128 081 081 095 062 048 055 053 089 050 049 049 023 014 014 016 061 016 013 025 050 049 049 056 109 066 050 061 255 255 0 
15 16 13.681 069 049 042 039 078 037 049 043 014 000 000 000 075 000 000 004 032 020 020 019 063 018 021 025 033 021 024 021 069 018 021 024 078 080 081 080 126 081 081 096 063 047 053 052 097 048 048 049 026 014 013 016 057 016 014 025 051 048 047 054 107 064 049 061 255 255 0 
15 16 13.780 068 049 042 039 074 037 049 043 014 000 000 000 077 000 000 005 032 021 020 019 073 018 021 025 029 020 023 021 065 018 021 024 078 080 081 081 121 081 080 096 061 048 053 052 105 049 048 048 018 014 015 015 064 017 013 024 049 049 049 056 096 065 050 062 255 255 0 
15 16 13.780 068 049 042 039 072 036 049 042 012 000 000 000 076 000 000 005 031 020 019 018 079 017 020 024 027 020 023 021 063 019 021 023 082 081 081 081 114 082 081 098 057 048 054 052 111 049 048 049 020 014 014 015 067 015 014 024 045 049 048 056 087 065 049 062 255 255 0 
15 16 13.880 064 049 041 038 072 036 049 041 005 000 000 000 069 000 000 005 031 020 020 018 089 017 021 025 027 021 023 021 065 019 021 023 081 080 080 080 104 080 080 096 056 047 053 051 110 048 047 049 014 014 014 015 070 017 014 023 043 048 048 055 090 065 050 061 255 255 0 
15 16 13.880 059 048 041 038 077 035 048 040 001 000 000 000 064 000 000 006 021 020 020 019 093 018 020 024 022 021 023 021 070 019 021 023 078 080 080 081 100 081 081 096 052 048 054 052 113 049 048 049 014 014 015 016 072 017 014 024 041 049 048 055 083 065 050 062 255 255 0 
15 16 13.977 060 048 041 038 081 035 048 040 001 000 000 000 058 000 000 005 021 021 020 018 094 018 020 026 022 021 023 021 078 019 021 023 077 081 082 082 096 081 081 096 051 048 053 052 107 048 048 049 014 014 014 016 079 017 014 023 040 050 049 056 073 065 050 060 255 255 0 
15 16 13.977 071 055 048 045 087 042 054 045 006 000 000 000 051 000 000 005 030 024 023 022 098 021 024 028 032 024 027 025 083 022 024 025 083 088 090 089 093 087 088 099 055 050 056 054 102 051 051 052 023 014 015 016 084 017 014 023 046 050 049 056 074 065 050 061 255 255 0 
15 16 14.073 065 048 041 038 092 036 048 040 007 000 000 000 046 000 000 004 029 021 020 019 085 019 021 027 029 021 023 022 094 019 021 023 079 080 080 080 090 081 081 095 062 049 055 054 093 051 050 053 020 014 015 016 088 017 015 024 050 051 051 058 083 067 052 061 255 255 0 
15 16 14.073 071 049 042 039 100 036 049 040 008 000 000 000 046 000 000 004 030 021 020 019 077 019 021 027 034 021 024 022 097 020 022 023 081 081 080 080 095 081 080 093 062 050 055 054 087 050 050 052 018 014 014 017 091 018 014 025 053 051 050 057 091 067 052 065 255 255 0 
15 16 14.173 073 055 049 046 103 043 055 047 006 000 000 000 047 000 000 004 031 024 024 023 074 022 025 030 034 025 028 025 095 023 025 027 085 084 086 086 111 085 085 098 053 045 049 050 076 048 048 050 018 016 016 018 088 018 016 027 048 051 051 057 102 067 052 060 255 255 0 
15 16 14.173 066 049 043 040 091 037 049 042 005 000 000 000 049 000 000 004 025 021 021 020 064 019 022 026 027 021 024 022 099 020 021 024 080 088 090 089 117 088 088 099 051 046 050 054 079 050 051 051 021 015 014 017 080 018 015 026 048 050 049 056 107 065 050 060 255 255 0 
15 16 14.269 068 051 044 041 091 040 054 047 007 000 000 000 059 000 000 004 029 024 023 022 063 021 023 029 033 024 027 025 087 022 024 026 085 087 089 089 126 088 088 099 057 051 056 055 081 051 051 051 018 012 014 016 071 017 014 025 047 051 051 058 112 067 052 061 255 255 0 
15 16 14.269 065 049 042 039 091 037 049 043 009 000 000 000 067 000 000 003 032 021 021 020 060 019 021 026 033 021 024 022 084 020 022 026 080 081 082 082 128 081 081 095 066 050 055 055 088 052 051 052 026 014 015 015 074 017 014 026 053 050 049 055 122 065 050 061 255 255 0 
15 16 14.366 070 048 042 039 085 037 049 044 015 000 000 000 074 000 000 004 033 021 021 020 062 019 021 026 035 021 024 022 078 020 021 026 080 080 081 081 130 083 082 096 064 051 056 055 094 051 051 052 020 014 014 016 061 018 014 027 054 052 051 059 114 068 052 065 255 255 0 
15 16 14.366 069 049 042 039 079 037 049 044 014 000 000 000 076 000 000 006 033 022 021 020 066 019 022 027 033 021 024 022 070 019 021 026 080 081 082 082 129 081 081 096 066 051 056 055 104 051 051 052 027 014 014 017 060 016 014 026 055 052 052 059 107 068 053 066 255 255 0 
15 16 14.466 070 049 042 040 067 037 050 044 016 000 000 000 077 000 000 006 037 022 021 020 077 019 021 026 036 021 024 022 066 019 021 026 080 080 081 081 121 082 082 097 067 050 055 054 110 052 051 051 023 015 015 017 058 016 014 025 054 051 050 059 099 069 053 066 255 255 0 
15 16 14.466 069 049 043 040 064 037 049 043 015 000 000 000 073 000 000 004 034 023 022 020 085 020 022 027 034 021 024 022 065 019 022 026 079 082 082 082 115 082 081 099 065 050 056 055 116 051 051 051 024 014 015 016 061 017 013 024 052 052 051 058 089 068 053 065 255 255 0 
15 16 14.561 069 050 044 046 075 043 055 047 014 000 000 000 067 000 000 006 036 025 025 023 096 022 025 029 038 025 028 026 065 023 025 027 086 090 092 091 110 090 090 104 065 052 058 057 110 053 052 054 013 013 014 015 068 016 013 024 046 052 051 058 082 067 052 064 255 255 0 
15 16 14.561 062 049 042 039 079 037 050 043 010 000 000 000 062 000 000 005 031 022 021 020 093 019 021 025 030 021 024 022 070 019 021 023 080 081 081 081 098 082 081 097 060 051 057 055 116 052 052 054 020 014 014 015 079 016 014 024 053 057 057 064 080 073 058 068 255 255 0 
15 16 14.660 072 055 050 046 083 043 056 047 008 000 000 000 056 000 000 005 032 025 025 023 102 022 025 030 033 024 028 026 076 023 025 026 083 089 090 090 098 089 090 102 059 051 056 056 101 051 051 053 021 015 015 015 085 017 014 024 052 056 056 062 085 073 057 067 255 255 0 
15 16 14.660 071 054 048 046 092 042 055 047 010 000 000 000 052 000 000 006 037 024 024 023 101 022 024 030 040 025 028 026 088 022 024 026 084 089 090 090 097 088 088 101 067 051 057 056 096 053 052 056 027 014 014 014 094 015 013 024 051 051 051 058 082 068 052 064 255 255 0 
15 16 14.757 066 050 043 040 089 037 049 043 011 000 000 000 046 000 000 005 031 021 021 020 086 019 021 028 032 021 024 022 099 019 021 024 077 082 083 083 099 084 083 098 063 051 056 055 096 051 051 054 025 014 016 016 092 018 015 025 056 058 058 064 089 073 058 067 255 255 0 
15 16 14.757 075 056 049 046 104 042 055 046 007 000 000 000 046 000 000 004 033 025 024 023 083 021 024 030 035 025 027 026 097 022 025 026 087 090 091 091 105 090 090 103 062 052 057 057 082 053 053 055 022 015 015 017 092 018 015 027 053 052 051 058 098 068 053 064 255 255 0 
15 16 14.853 069 052 045 042 099 039 051 045 006 000 000 000 049 000 000 005 028 022 022 021 072 020 022 029 032 023 025 023 104 020 022 025 080 084 084 084 113 084 084 098 058 050 056 055 085 051 050 053 018 015 015 016 089 017 013 024 048 052 052 058 108 068 052 063 255 255 0 
15 16 14.853 070 049 042 039 103 037 049 043 012 000 000 000 055 000 000 005 031 021 020 020 065 019 022 028 035 022 024 023 101 020 022 025 081 085 084 084 124 085 085 099 065 051 056 055 083 051 050 052 022 016 016 017 083 018 016 028 059 058 058 064 116 073 058 068 255 255 0 
15 16 14.953 075 054 048 045 098 042 054 047 008 000 000 000 063 000 000 004 031 024 024 023 065 021 024 029 034 025 028 026 090 023 025 029 089 090 092 091 132 090 090 101 062 052 058 057 077 053 052 054 024 013 015 015 077 016 015 026 059 057 058 064 116 073 058 067 255 255 0 
15 16 14.953 075 054 048 045 091 042 054 048 015 000 000 000 069 000 000 004 035 025 024 023 065 021 025 029 038 025 028 026 083 023 025 028 090 092 093 091 137 091 090 102 067 053 058 057 084 053 053 055 018 013 016 018 067 019 016 028 060 058 058 064 119 073 058 069 255 255 0 
15 16 15.050 074 054 048 045 085 042 054 047 013 000 000 000 077 000 000 004 034 025 024 023 070 022 025 030 036 025 028 026 076 023 025 030 091 082 083 083 134 084 084 100 064 052 058 057 090 053 052 054 018 013 014 015 067 016 014 026 058 059 059 065 118 074 059 070 255 255 0 
15 16 15.050 073 054 048 045 081 042 055 048 010 000 000 000 079 000 000 005 034 024 024 023 073 022 025 029 035 025 028 026 069 023 025 029 089 091 093 092 137 091 091 105 063 052 058 056 101 053 052 054 025 015 016 018 061 017 016 027 060 058 058 065 108 074 058 070 255 255 0 
15 16 15.146 074 055 048 045 078 042 054 048 013 000 000 000 081 000 000 006 036 025 024 023 085 022 025 029 035 025 027 026 065 023 025 029 088 090 093 092 129 091 091 105 064 051 056 055 116 052 051 053 018 013 014 015 066 018 015 026 058 058 058 064 100 074 058 070 255 255 0 
15 16 15.146 074 055 048 046 076 042 055 048 014 000 000 000 075 000 000 006 037 024 024 023 092 021 024 028 037 025 028 026 064 023 025 027 088 082 082 082 114 082 082 099 059 049 054 053 116 051 051 052 017 015 016 017 064 017 015 026 052 057 056 064 090 074 058 070 255 255 0 
15 16 15.246 067 054 048 045 075 042 054 047 014 000 000 000 068 000 000 007 038 024 024 022 099 021 024 029 038 025 027 026 066 022 024 028 085 090 091 091 110 091 090 104 070 052 058 057 112 052 052 056 026 013 016 017 067 018 016 027 059 058 058 064 084 073 058 070 255 255 0 
15 16 15.246 075 055 049 046 083 042 055 048 013 000 000 000 064 000 000 007 038 024 024 022 102 022 024 030 038 024 027 025 071 022 024 027 083 090 092 091 104 090 090 103 068 051 056 055 119 050 050 053 028 013 013 017 078 017 015 026 058 055 056 063 088 072 057 068 255 255 0 
15 16 15.343 075 053 047 044 084 041 053 047 015 000 000 000 057 000 000 007 039 024 024 022 103 021 024 031 041 024 028 026 079 022 025 028 084 089 091 090 098 089 090 103 070 052 057 055 110 051 051 054 027 015 016 017 084 017 015 027 059 057 058 064 079 073 058 068 255 255 0 
15 16 15.343 074 055 048 045 091 042 054 047 014 000 000 000 049 000 000 007 037 025 024 023 099 022 025 030 039 025 028 026 088 022 024 026 084 090 092 091 098 089 090 103 070 051 057 056 093 052 052 056 027 013 013 014 093 016 015 025 058 057 057 063 091 072 056 066 255 255 0 
15 16 15.440 072 053 047 044 097 041 053 045 013 000 000 000 047 000 000 005 038 024 024 023 090 022 024 029 032 024 027 025 094 022 024 026 085 090 091 091 099 090 090 102 052 052 056 055 093 052 051 054 022 013 013 014 096 017 015 025 056 057 057 063 097 072 057 066 255 255 0 
15 16 15.440 073 053 047 044 103 041 054 044 011 000 000 000 044 000 000 004 033 024 024 023 080 022 024 030 036 024 027 025 096 022 024 026 086 089 092 092 106 091 091 103 061 049 057 057 079 054 053 056 021 012 012 013 094 014 012 024 051 052 053 061 103 071 056 066 255 255 0 
15 16 15.540 067 049 044 040 090 035 047 042 009 000 000 000 044 000 000 004 028 022 021 020 066 020 022 029 033 022 024 022 099 020 021 025 081 085 085 086 115 084 084 098 064 052 057 057 075 053 053 056 012 005 012 014 087 015 013 026 052 053 053 066 109 075 060 069 255 255 0 
15 16 15.540 073 056 050 047 098 044 057 050 007 000 000 000 053 000 000 005 032 026 025 024 060 023 026 032 031 023 027 025 092 022 024 028 088 090 091 091 123 093 094 100 063 053 059 057 073 053 052 054 014 012 012 013 079 014 012 025 053 055 055 061 119 071 055 066 255 255 0 
15 16 15.638 069 051 045 042 090 039 052 046 011 000 000 000 063 000 000 005 030 022 022 021 062 020 022 029 029 021 024 022 090 019 021 026 080 082 082 083 130 083 083 097 059 049 054 053 081 047 048 049 015 011 012 013 074 014 012 025 051 051 051 057 114 067 051 063 255 255 0 
15 16 15.638 076 054 048 044 089 041 054 048 010 000 000 000 073 000 000 005 034 023 023 022 065 021 023 029 038 023 026 025 079 021 023 028 088 091 093 092 139 091 091 103 062 048 055 053 089 050 049 051 018 011 012 014 071 014 012 025 053 048 048 055 122 065 049 061 255 255 0 
15 16 15.732 075 054 048 045 085 041 055 048 010 000 000 000 076 000 000 005 034 024 023 022 066 020 023 029 036 023 026 025 071 021 023 028 088 090 082 081 131 082 081 097 065 050 055 055 099 051 050 052 023 014 015 016 062 017 015 027 059 056 057 065 116 075 059 070 255 255 0 
15 16 15.732 077 056 049 046 082 042 056 048 014 000 000 000 080 000 000 005 036 024 023 022 074 021 024 028 036 023 026 025 067 022 024 027 087 091 093 092 136 090 090 104 064 049 056 055 108 051 050 053 019 012 012 013 064 014 012 024 055 057 058 064 107 074 058 070 255 255 0 
15 16 15.831 074 055 049 046 077 043 055 049 012 000 000 000 079 000 000 005 035 024 023 022 084 021 024 028 035 024 027 025 064 021 024 027 085 089 090 090 124 089 089 103 058 051 057 056 108 053 051 053 018 013 013 015 064 014 013 024 056 058 058 064 098 075 059 070 255 255 0 
15 16 15.831 074 055 049 046 078 043 055 048 012 000 000 000 073 000 000 006 036 024 024 023 094 022 024 028 033 024 027 025 064 022 023 026 085 090 092 091 117 090 090 104 063 051 057 055 119 052 051 053 018 012 013 016 064 017 015 025 056 058 059 065 091 075 059 071 255 255 0 
15 16 15.931 072 055 049 046 079 043 055 048 008 000 000 000 067 000 000 007 034 025 024 023 099 021 024 028 028 023 026 025 066 021 023 027 084 090 092 091 111 090 091 101 060 048 052 052 114 050 049 053 017 006 013 014 073 016 013 024 057 057 058 065 086 073 058 070 255 255 0 
15 16 15.931 075 055 049 046 081 042 055 047 012 000 000 000 061 000 000 006 036 024 024 023 100 021 024 030 035 023 027 025 069 021 023 026 084 090 091 090 101 090 090 103 054 051 058 053 113 052 051 055 018 012 013 014 080 015 013 023 050 052 052 058 079 070 054 066 255 255 0 
15 16 16.027 069 051 045 042 080 041 054 046 010 000 000 000 053 000 000 006 034 024 024 022 101 021 023 030 034 022 026 024 076 021 023 026 082 087 089 088 094 088 088 102 063 052 058 056 100 053 052 056 018 012 013 014 088 015 012 023 051 052 055 060 084 072 055 067 255 255 0 
15 16 16.027 073 054 048 045 092 041 054 047 011 000 000 000 050 000 000 005 034 024 024 023 097 022 024 030 034 023 026 025 086 022 023 025 083 088 090 090 095 090 090 103 063 050 056 055 099 051 050 054 014 011 012 013 092 014 012 023 048 050 050 056 079 066 050 064 255 255 0 
15 16 16.126 072 053 047 044 097 040 053 044 010 000 000 000 046 000 000 005 033 024 023 022 087 021 023 030 034 023 026 025 092 021 023 026 085 090 092 091 101 091 090 102 061 050 056 055 092 052 051 054 019 013 014 015 098 016 014 025 058 058 057 064 091 077 063 071 255 255 0 
15 16 16.126 074 053 047 044 104 041 053 046 007 000 000 000 047 000 000 005 030 023 023 022 079 021 023 031 033 023 026 024 094 021 023 027 085 088 090 090 104 088 088 100 061 048 056 055 085 051 050 052 013 009 012 013 093 014 012 023 047 049 049 055 103 065 049 060 255 255 0 
15 16 16.222 065 048 041 038 101 035 048 040 008 000 000 000 050 000 000 005 027 021 020 019 067 018 021 027 026 020 022 021 097 018 020 023 082 082 083 083 112 083 083 097 058 049 055 054 081 050 049 052 019 012 012 013 089 015 012 024 048 049 049 056 104 066 050 060 255 255 0 
15 16 16.222 066 048 041 038 099 035 048 041 008 000 000 000 056 000 000 004 029 021 020 019 062 018 021 028 030 020 022 022 095 018 020 024 086 091 093 092 128 090 090 101 061 049 055 053 080 050 048 050 022 012 013 014 082 014 012 024 053 055 055 060 119 070 055 064 255 255 0 
15 16 16.318 072 052 046 043 094 039 052 045 010 000 000 000 063 000 000 004 032 023 023 022 063 020 023 027 033 023 026 024 082 020 022 025 086 090 091 090 130 089 089 101 059 050 055 053 082 050 049 051 019 013 015 016 068 017 014 026 058 055 055 061 121 071 055 066 255 255 0 
15 16 16.318 075 055 048 046 088 042 055 047 013 000 000 000 074 000 000 003 032 024 024 022 065 021 024 028 034 024 027 026 079 022 024 027 087 088 090 090 134 089 089 100 061 051 056 055 091 051 051 052 015 014 015 016 064 017 014 026 055 055 055 061 122 071 055 065 255 255 0 
15 16 16.418 073 055 049 045 085 042 055 048 012 000 000 000 077 000 000 004 034 024 024 023 069 021 024 027 036 023 026 025 072 022 024 028 087 089 091 089 135 090 090 102 064 050 055 054 098 051 050 050 023 015 016 017 062 017 015 025 059 057 057 063 121 073 057 067 255 255 0 
15 16 16.418 073 053 047 045 080 040 054 047 015 000 000 000 082 000 000 005 041 028 027 026 075 025 028 031 044 028 030 029 073 025 028 030 099 104 103 101 142 099 104 111 080 061 064 062 116 057 060 058 021 015 014 017 061 017 015 025 060 063 062 070 114 078 066 074 255 255 0 
15 16 16.515 074 054 048 045 078 042 054 048 016 000 000 000 081 000 000 005 037 024 023 022 088 021 024 027 035 023 026 025 064 021 023 026 085 090 091 091 125 091 091 104 068 055 061 059 115 054 054 055 023 016 018 018 064 019 017 026 059 059 060 065 098 074 059 072 255 255 0 
15 16 16.515 075 057 051 048 072 044 057 050 009 000 000 000 072 000 000 006 036 026 026 025 092 023 026 029 033 022 025 024 061 021 022 024 083 093 095 095 122 093 094 108 067 052 059 056 114 053 052 053 024 013 014 015 072 016 014 025 058 060 061 067 095 076 061 071 255 255 0 
15 16 16.612 077 057 051 048 076 044 057 049 011 000 000 000 066 000 000 006 035 026 026 025 095 023 026 030 036 023 025 023 074 020 022 025 084 090 092 096 108 090 090 103 065 051 057 055 121 052 052 054 017 012 013 014 078 015 013 023 053 051 051 058 086 074 058 069 255 255 0 
15 16 16.612 072 054 048 045 085 042 054 047 012 000 000 000 062 000 000 007 035 025 024 023 104 022 024 030 034 023 026 025 073 022 023 026 086 092 085 083 101 084 082 098 064 052 057 056 110 052 052 055 022 013 013 014 086 015 013 023 050 050 051 058 081 068 052 064 255 255 0 
