18 07 36.853 069 010 009 015 111 017 013 068 130 001 001 005 148 001 000 049 133 000 000 000 000 000 000 029 036 000 000 000 043 003 002 054 116 087 064 052 204 061 072 119 179 097 084 084 080 070 076 082 021 000 000 000 034 000 004 042 101 158 168 172 227 175 173 176 255 255 0 
18 07 36.853 056 017 017 054 081 042 043 075 100 011 003 017 183 003 005 074 124 003 000 000 007 000 000 027 034 002 000 000 038 000 001 045 073 064 056 072 200 079 068 129 125 069 060 071 155 099 092 102 041 000 000 013 028 000 001 037 094 155 124 150 195 119 121 154 255 255 0 
18 07 36.948 059 016 012 034 052 010 012 052 074 004 001 058 193 002 004 063 139 001 000 019 077 000 000 025 028 000 000 009 028 000 000 035 048 038 028 069 172 032 033 099 166 094 094 095 185 088 089 115 113 000 000 000 015 000 000 023 070 093 086 073 103 077 088 112 255 255 0 
18 07 36.948 021 031 038 031 049 031 063 082 026 002 001 009 168 005 005 089 021 002 001 039 166 000 000 038 000 000 000 000 017 000 000 032 007 016 013 039 115 012 023 082 073 080 088 104 186 076 043 103 005 000 000 006 020 039 069 071 101 082 069 072 068 124 120 128 255 255 0 
18 07 37.043 053 023 021 028 034 015 017 042 038 003 000 055 135 001 005 073 010 002 001 070 176 000 000 049 000 000 000 007 031 000 000 029 025 027 035 059 072 060 060 093 009 005 005 074 196 004 002 054 059 071 052 052 043 049 056 054 159 155 151 128 068 142 143 147 255 255 0 
18 07 37.043 037 020 020 027 031 024 028 042 017 000 000 000 072 001 001 033 036 001 001 002 174 000 000 047 005 000 000 000 004 000 000 028 040 030 025 048 051 033 024 054 064 001 001 037 194 001 001 070 112 000 000 007 100 000 000 025 078 114 113 111 061 115 114 099 255 255 0 
18 07 37.156 046 029 029 025 010 028 029 043 032 000 000 001 044 000 000 049 068 001 002 006 188 003 002 080 000 000 000 000 054 000 000 024 049 042 040 041 044 041 035 052 049 001 002 005 163 003 002 074 111 001 006 002 129 000 000 033 106 214 197 213 082 219 215 170 255 255 0 
18 07 37.156 003 002 011 000 034 000 000 028 031 000 006 000 036 000 000 038 001 001 027 004 184 003 002 082 096 001 019 001 142 000 000 033 039 040 041 036 038 043 045 057 039 006 015 014 122 011 011 073 142 053 061 005 156 001 000 050 147 130 124 117 056 138 151 140 255 255 0 
18 07 37.252 135 033 030 028 115 027 029 045 043 000 000 000 017 000 000 032 038 001 001 004 137 002 001 064 117 002 002 001 149 000 000 024 081 038 087 054 052 049 065 078 092 066 047 070 163 056 082 091 110 028 016 063 099 017 009 039 167 106 128 125 056 104 083 052 255 255 0 
18 07 37.252 154 102 067 119 110 108 095 097 075 006 002 032 039 006 000 028 055 023 045 076 108 042 002 042 099 002 031 090 086 000 000 022 097 052 049 030 042 082 071 091 052 011 014 050 072 021 030 059 096 002 023 133 097 025 000 023 102 150 155 150 099 090 147 098 255 255 0 
18 07 37.365 081 000 049 072 076 000 001 025 033 000 000 003 034 029 021 042 063 093 064 066 087 044 067 071 100 128 157 134 133 054 010 034 082 012 063 070 069 042 045 059 051 000 000 017 048 003 000 025 064 001 001 060 086 002 003 031 105 003 000 011 050 000 000 018 255 255 0 
18 07 37.365 085 053 047 090 111 052 028 039 089 118 129 102 050 000 000 015 080 078 078 088 080 081 083 096 077 011 019 038 095 032 022 058 121 052 056 078 070 023 028 065 006 000 000 008 036 000 000 023 058 099 082 096 122 070 103 069 099 047 071 050 078 000 000 072 255 255 0 
18 07 37.461 055 000 001 020 075 001 007 032 002 000 000 007 044 000 000 018 023 000 047 046 059 047 046 069 045 000 000 001 064 001 000 027 105 040 039 042 079 047 047 061 086 000 000 000 034 000 000 024 088 074 078 067 077 070 052 069 092 029 037 034 086 025 018 038 255 255 0 
18 07 37.461 068 019 047 060 084 009 069 079 077 000 000 010 057 002 000 020 035 004 000 004 040 000 000 025 043 008 008 041 063 005 009 036 081 094 083 111 115 091 118 118 087 013 001 031 044 000 000 022 066 006 007 044 054 012 012 056 091 104 110 120 136 079 105 107 255 255 0 
18 07 37.577 098 087 112 102 111 081 068 101 029 000 000 036 066 000 000 020 001 007 019 037 047 000 000 021 011 021 015 010 048 004 004 033 072 074 072 085 123 072 050 085 003 004 004 037 046 004 004 027 000 000 000 028 049 000 000 029 070 062 053 083 109 056 056 081 255 255 0 
18 07 37.577 059 061 075 095 094 052 063 071 002 004 000 038 076 000 000 025 016 009 008 031 048 002 001 021 047 020 021 043 054 018 047 068 086 056 043 074 108 045 054 073 103 053 042 069 093 049 070 084 004 000 000 031 049 000 000 022 068 061 061 085 108 049 049 072 255 255 0 
18 07 37.577 087 074 050 087 088 084 079 108 060 008 001 037 095 003 001 038 070 012 017 042 051 004 014 025 052 019 024 045 057 021 025 039 086 071 072 101 120 070 056 080 111 044 056 074 094 050 049 064 075 009 007 046 053 011 011 033 071 034 034 071 091 036 037 063 255 255 0 
18 07 37.676 096 067 066 076 068 059 069 080 066 000 001 065 085 000 000 047 071 000 000 051 073 001 004 021 043 029 012 040 047 036 024 040 066 053 052 090 105 090 063 086 111 077 071 116 122 091 075 086 072 000 000 021 045 017 000 021 058 054 058 074 078 078 079 089 255 255 0 
18 07 37.676 038 014 008 000 034 022 008 037 014 031 049 053 093 087 091 129 057 030 063 074 084 051 018 039 015 015 003 037 047 025 020 032 066 078 055 086 102 061 061 094 084 064 065 114 128 084 077 093 006 006 004 033 039 004 003 030 043 040 037 053 063 032 032 075 255 255 0 
18 07 37.789 007 011 016 032 043 031 018 039 094 091 096 113 109 105 089 116 001 018 003 072 074 032 000 049 052 026 012 014 039 022 004 037 060 054 069 087 083 089 112 096 105 140 128 164 164 123 143 135 016 049 099 000 029 014 007 021 055 030 054 047 068 045 063 079 255 255 0 
18 07 37.789 058 051 073 049 051 047 039 045 000 015 050 054 061 020 000 033 000 045 082 143 114 010 075 072 000 058 040 081 041 003 000 020 087 055 079 046 060 087 063 103 062 091 063 148 161 064 153 092 002 115 000 095 099 011 027 024 050 010 037 047 052 036 016 058 255 255 0 
18 07 37.885 000 023 001 111 070 034 034 028 013 010 024 033 047 037 040 062 048 036 000 105 100 003 001 087 112 009 001 057 048 000 000 008 072 059 042 030 043 074 076 085 070 091 074 097 120 058 086 094 116 027 060 189 096 001 000 019 084 041 056 033 041 062 070 088 255 255 0 
18 07 37.885 086 011 039 006 045 033 032 017 029 010 015 000 029 000 000 026 042 000 000 004 078 001 003 044 114 014 039 006 075 002 007 025 069 038 022 059 044 000 011 059 069 096 101 094 112 098 108 127 015 009 006 018 089 001 001 026 076 074 052 061 040 060 042 059 255 255 0 
18 07 37.997 100 037 048 021 085 038 038 044 073 000 013 003 033 000 002 022 049 008 019 008 072 010 031 036 105 004 043 002 072 000 000 023 099 038 019 039 058 058 071 082 108 144 114 138 120 151 151 157 097 011 025 005 095 045 011 036 157 066 088 087 063 047 092 083 255 255 0 
18 07 37.997 131 083 089 101 122 133 057 082 096 000 018 000 025 008 000 018 035 000 016 002 057 007 002 037 082 002 039 006 100 008 007 042 117 043 050 068 050 052 060 065 075 105 104 150 130 140 125 161 079 004 034 119 115 023 024 042 087 003 073 152 076 006 000 014 255 255 0 
18 07 38.093 119 125 137 218 194 176 160 144 001 005 023 071 047 043 029 017 069 078 079 040 059 050 047 041 023 001 017 139 110 023 001 029 031 012 047 103 079 037 045 051 058 078 058 050 051 046 079 092 039 000 002 070 091 016 004 030 055 000 002 029 071 000 000 013 255 255 0 
18 07 38.093 100 113 129 108 166 112 120 126 084 028 071 059 066 056 079 084 036 000 002 013 045 000 057 038 030 000 002 016 075 001 013 029 082 053 051 045 102 077 051 058 076 055 054 061 059 038 044 068 000 000 001 010 064 000 001 027 046 018 019 005 080 015 015 041 255 255 0 
18 07 38.209 078 096 093 111 161 091 103 120 069 089 079 084 120 080 100 103 088 089 080 081 057 078 079 092 004 011 008 036 083 002 000 027 053 004 026 065 101 030 029 041 063 028 041 038 047 039 028 039 017 000 000 000 051 001 000 025 014 000 001 001 082 000 000 022 255 255 0 
18 07 38.209 108 102 104 107 136 092 087 109 137 158 148 145 162 160 146 141 065 052 057 054 053 056 046 064 011 000 000 006 060 000 001 025 029 035 038 004 080 000 005 028 046 025 044 037 039 030 019 038 012 000 000 005 047 000 000 023 014 000 000 021 090 001 000 023 255 255 0 
18 07 38.209 086 092 096 095 111 085 087 124 123 137 111 125 162 140 146 132 058 051 055 056 038 059 053 060 001 004 003 003 046 003 000 028 057 014 015 007 097 019 001 035 026 009 030 020 047 027 015 033 000 000 000 000 035 001 001 023 007 000 000 001 078 000 000 026 255 255 0 
18 07 38.308 081 083 076 084 090 091 085 122 125 138 105 127 174 123 140 135 069 045 064 057 054 056 044 055 008 011 009 022 051 011 015 035 014 006 011 012 087 011 010 034 058 018 040 033 075 029 017 031 000 000 000 000 030 000 000 020 005 000 001 004 071 002 000 026 255 255 0 
18 07 38.308 083 105 098 106 084 100 099 123 120 129 120 129 166 136 146 135 082 053 073 070 094 072 047 058 009 004 005 001 034 009 001 024 010 000 001 016 082 023 007 033 052 012 029 026 083 034 017 033 007 000 000 000 028 005 000 020 007 000 002 005 059 009 001 025 255 255 0 
18 07 38.421 096 107 113 112 077 106 105 120 129 139 129 126 161 137 141 140 052 039 063 058 099 049 045 059 012 004 010 008 034 020 004 027 023 007 031 027 074 031 016 038 048 018 041 038 101 034 017 041 002 000 000 000 020 005 000 020 006 005 007 005 049 016 003 029 255 255 0 
18 07 38.421 087 104 082 091 070 095 104 114 103 120 101 106 124 121 116 127 049 039 055 057 102 062 038 049 019 008 011 008 033 014 000 019 032 009 019 020 055 032 011 035 044 021 047 032 108 032 019 036 005 000 000 000 025 007 000 018 017 004 005 000 037 013 000 025 255 255 0 
18 07 38.518 074 100 083 090 065 094 100 116 104 111 106 108 112 103 107 115 073 037 046 044 111 049 046 059 021 009 001 023 043 006 001 020 044 030 057 069 067 057 035 051 060 029 045 070 126 060 031 049 005 000 000 000 041 011 000 016 001 000 000 009 034 024 008 031 255 255 0 
18 07 38.518 095 132 105 104 059 106 118 124 101 107 097 107 091 111 106 122 078 087 080 088 136 097 112 121 010 010 005 015 045 010 002 020 065 083 076 082 062 069 068 087 096 078 082 117 153 089 101 114 003 000 000 096 079 020 000 016 018 037 053 054 056 045 035 026 255 255 0 
18 07 38.631 057 053 069 100 069 054 048 062 097 111 113 064 070 083 051 089 041 022 050 113 138 086 089 110 069 050 019 044 092 073 027 054 099 111 131 117 075 112 090 061 117 105 146 129 122 089 111 152 035 015 004 144 119 019 002 022 033 047 063 085 054 050 034 030 255 255 0 
18 07 38.631 024 008 013 129 076 027 000 012 031 007 003 034 039 003 028 037 073 073 083 100 128 096 060 100 040 039 058 107 095 007 014 031 066 069 059 044 045 062 074 087 121 134 130 126 120 138 138 145 025 017 021 145 115 009 001 024 019 024 017 106 051 020 017 044 255 255 0 
18 07 38.726 031 003 007 098 082 011 000 016 052 056 059 053 048 054 044 055 084 085 081 076 093 071 076 114 039 044 055 174 151 086 043 042 106 124 072 116 064 056 129 069 128 145 101 105 110 085 154 160 018 002 021 102 106 097 002 034 013 002 045 109 057 023 000 012 255 255 0 
18 07 38.726 025 001 058 060 082 006 001 022 062 070 084 069 052 061 083 095 075 064 059 080 066 055 079 081 104 088 103 072 132 067 034 070 102 110 098 100 095 104 117 109 064 041 026 021 047 024 031 057 012 000 005 005 078 006 001 028 025 003 000 001 060 001 000 016 255 255 0 
18 07 38.843 004 001 001 018 081 006 000 024 063 057 065 060 055 053 057 067 078 050 067 065 059 044 056 074 092 111 072 079 136 063 064 088 098 120 110 117 124 113 109 111 072 063 052 060 049 062 070 069 018 001 000 001 064 005 000 028 008 001 023 000 063 003 001 019 255 255 0 
18 07 38.843 039 007 031 007 083 015 012 033 067 042 042 064 074 045 033 046 087 084 086 081 062 094 108 099 080 075 055 059 113 091 085 102 112 103 104 105 138 101 109 113 077 080 078 067 060 067 059 069 017 000 000 017 061 002 001 027 022 001 002 002 076 002 000 023 255 255 0 
18 07 38.843 018 000 000 001 073 002 001 026 049 026 032 035 086 031 024 038 044 018 022 045 054 035 039 053 081 101 086 109 112 081 085 113 101 104 109 108 154 129 132 134 074 064 059 065 048 066 048 059 029 023 029 061 063 026 022 048 020 000 004 012 083 002 000 024 255 255 0 
18 07 38.942 013 000 000 000 064 001 000 027 026 011 015 013 078 013 006 024 060 045 054 060 051 066 057 069 053 068 057 057 067 065 063 092 114 123 115 166 181 129 137 135 043 052 042 083 061 047 048 055 044 029 047 048 046 027 000 024 004 000 003 086 095 003 001 025 255 255 0 
18 07 38.942 017 000 000 039 064 000 000 025 019 010 041 124 103 019 012 033 060 064 059 104 052 077 073 082 073 079 076 079 072 092 095 111 127 131 120 136 169 160 132 140 076 072 079 108 100 074 077 078 007 000 017 034 040 015 001 022 012 000 032 073 081 026 001 026 255 255 0 
18 07 39.055 004 000 017 041 049 024 000 024 047 036 056 126 124 082 031 052 040 018 010 094 058 018 021 039 068 075 082 063 063 059 079 099 120 113 117 138 155 129 135 144 076 058 070 160 136 070 054 067 042 033 000 032 038 020 000 020 029 026 045 068 093 059 028 034 255 255 0 
18 07 39.055 000 000 015 043 049 022 000 025 009 004 050 112 118 046 002 036 091 078 119 180 127 088 034 055 034 013 054 054 048 020 010 032 106 125 122 126 150 125 128 135 071 070 112 186 160 112 109 118 094 014 042 059 060 085 082 113 082 013 066 079 081 070 093 101 255 255 0 
18 07 39.151 018 000 016 045 044 002 000 023 084 082 126 148 143 119 106 118 132 101 120 157 133 106 037 084 057 060 066 047 066 065 039 028 096 129 102 095 108 062 065 085 062 059 069 165 144 067 060 083 080 059 047 124 053 030 016 026 052 051 052 065 055 063 059 084 255 255 0 
18 07 39.151 058 136 083 112 065 082 114 075 129 114 096 102 114 092 099 115 079 002 041 150 128 128 040 049 008 000 000 009 021 071 000 017 047 063 078 072 064 087 058 080 085 076 038 074 142 109 061 092 075 050 054 062 078 052 073 069 059 058 048 058 057 060 054 082 255 255 0 
18 07 39.264 090 056 087 103 060 073 071 080 074 064 074 067 067 072 054 092 101 075 053 131 137 071 085 104 020 056 000 029 045 031 039 049 075 108 095 055 060 084 066 094 080 039 043 113 121 060 053 084 037 000 000 121 069 000 000 018 016 000 000 023 039 000 000 020 255 255 0 
18 07 39.264 080 055 055 099 053 049 044 057 057 069 056 052 060 059 054 082 065 052 048 040 096 068 061 086 072 061 060 083 098 060 057 076 066 040 060 057 047 058 063 061 032 033 022 035 082 034 037 068 024 001 000 001 054 000 000 019 028 000 000 000 026 000 000 019 255 255 0 
18 07 39.360 053 033 033 026 054 028 026 037 083 094 084 075 060 092 101 114 098 097 106 076 130 092 093 104 067 054 043 040 083 036 040 057 047 017 022 033 041 036 031 047 034 026 032 040 073 036 021 046 006 000 042 025 070 026 019 037 000 000 019 011 026 000 000 018 255 255 0 
18 07 39.360 062 036 053 060 090 035 034 040 082 096 087 095 078 114 100 119 083 071 079 085 108 065 076 089 083 064 077 063 107 060 060 080 064 049 047 046 049 054 036 054 048 037 040 039 063 044 041 060 034 024 061 033 088 023 020 045 027 005 004 002 029 000 000 019 255 255 0 
18 07 39.473 084 038 067 066 092 052 044 050 100 107 104 108 074 107 108 118 074 081 070 083 089 067 089 101 045 053 043 035 106 057 052 076 050 054 050 043 048 050 040 055 034 021 025 041 055 032 024 042 022 000 013 006 072 002 000 025 023 000 015 004 046 001 000 019 255 255 0 
18 07 39.473 072 034 061 053 097 049 028 042 097 099 098 093 064 101 100 114 063 079 072 070 075 070 085 100 040 051 078 044 109 050 051 072 061 052 079 053 082 062 050 058 007 007 028 011 041 010 006 028 000 000 007 000 062 002 000 026 003 003 029 003 063 007 002 022 255 255 0 
18 07 39.572 053 029 042 037 090 038 025 041 090 096 101 100 090 096 101 116 090 091 080 079 081 080 094 104 066 050 050 047 111 054 051 073 081 049 078 062 114 067 055 066 024 004 001 003 038 004 001 024 021 000 022 000 058 004 000 027 013 002 035 000 061 004 000 023 255 255 0 
18 07 39.572 033 022 028 041 088 033 022 044 102 130 117 125 133 111 120 119 054 073 073 073 054 062 062 081 045 060 077 108 114 049 038 053 036 044 109 158 122 059 044 055 018 004 037 060 048 011 003 025 000 000 014 046 063 005 000 027 026 006 001 091 097 017 003 034 255 255 0 
18 07 39.685 005 011 008 064 083 017 010 037 119 146 144 194 168 136 121 131 116 093 103 094 078 099 109 099 045 030 031 057 076 068 036 076 035 072 035 121 114 015 008 042 044 043 049 087 057 054 010 020 002 000 006 040 047 021 013 036 057 043 043 143 151 068 069 078 255 255 0 
18 07 39.685 002 000 000 018 063 015 003 032 146 114 115 151 160 124 122 130 093 085 089 082 043 071 071 077 000 000 000 032 041 004 005 031 095 129 123 186 155 113 127 121 063 077 052 117 051 009 001 017 000 000 013 033 041 013 000 022 056 040 040 108 121 068 049 076 255 255 0 
18 07 39.685 000 000 000 033 049 021 002 030 052 053 075 163 129 054 066 081 141 137 123 167 098 119 105 105 028 025 040 040 053 001 051 058 108 127 138 166 184 122 120 138 083 013 052 082 084 017 014 060 000 000 008 027 036 001 000 030 037 047 041 078 106 052 036 064 255 255 0 
18 07 39.784 018 006 020 042 046 011 004 028 129 144 134 186 182 124 140 146 045 042 078 134 104 082 067 071 050 035 040 034 038 012 016 032 077 101 113 128 147 072 068 088 020 004 020 094 071 000 000 018 012 000 000 025 032 000 000 019 028 017 029 054 071 024 025 052 255 255 0 
18 07 39.784 038 046 052 062 059 041 058 068 109 104 114 139 133 091 099 118 089 076 077 177 127 071 090 100 033 011 012 029 045 007 006 026 078 080 094 076 099 080 060 093 018 026 017 005 077 004 002 028 026 001 002 002 022 003 002 023 032 026 023 042 058 027 041 054 255 255 0 
18 07 39.897 084 082 080 076 070 083 075 090 102 117 116 123 142 125 125 143 103 093 098 084 125 100 107 112 074 073 051 066 052 062 066 073 055 051 047 057 066 060 050 075 027 002 002 004 074 030 005 029 017 001 004 003 026 009 002 020 027 019 007 020 048 025 013 047 255 255 0 
18 07 39.897 005 000 000 000 028 004 000 017 113 119 119 126 127 139 127 145 089 083 078 082 126 058 070 094 057 048 042 043 043 061 057 063 073 084 069 091 086 082 104 111 009 005 004 019 077 015 008 033 009 003 002 019 038 000 000 012 045 049 064 058 033 012 070 072 255 255 0 
18 07 39.992 102 086 113 106 066 114 116 109 067 085 081 064 068 066 073 097 114 095 098 100 148 106 104 103 089 077 080 071 089 107 118 111 054 023 066 076 063 077 054 080 036 013 022 056 083 021 025 064 062 027 023 061 068 013 000 007 054 067 054 052 051 050 047 066 255 255 0 
18 07 39.992 037 009 002 016 032 105 105 101 055 100 099 095 081 072 073 092 106 101 112 111 146 111 104 111 074 088 087 098 109 068 066 083 102 111 072 085 070 070 092 102 002 000 013 017 053 016 015 042 019 014 018 058 057 017 005 022 055 052 058 046 044 018 024 041 255 255 0 
18 07 40.105 092 085 098 103 104 095 095 096 050 038 028 046 045 016 015 041 078 101 100 119 125 088 068 097 110 101 083 124 126 101 076 098 104 121 112 071 081 113 111 111 021 041 056 066 086 029 003 048 002 000 009 111 083 003 002 023 016 000 000 063 041 006 004 030 255 255 0 
18 07 40.105 089 065 073 144 119 072 058 063 034 016 020 053 048 024 047 044 051 036 045 072 080 053 044 063 073 070 067 103 126 079 055 087 114 125 117 093 073 110 118 125 029 025 022 045 053 017 012 034 021 010 010 095 099 021 015 039 010 004 005 099 051 006 000 015 255 255 0 
18 07 40.202 049 037 030 123 105 045 033 055 014 006 001 049 034 004 000 028 068 052 065 065 063 059 052 069 051 053 050 127 125 058 056 084 096 143 119 154 099 113 121 121 025 036 022 055 062 035 025 056 000 000 000 094 090 017 001 029 008 002 004 100 072 004 000 017 255 255 0 
18 07 40.202 035 020 030 109 103 031 024 039 014 002 000 062 045 006 003 021 060 041 040 069 069 057 051 073 054 067 066 127 133 077 078 106 098 130 109 155 133 116 115 116 028 024 024 046 052 031 032 048 006 000 000 071 078 008 000 025 053 031 040 114 091 032 021 037 255 255 0 
18 07 40.315 055 024 028 093 095 022 016 036 065 040 064 095 084 044 038 041 064 058 062 066 058 059 058 077 091 085 069 117 129 085 093 109 116 121 128 160 146 120 117 123 039 004 002 042 044 020 018 042 012 003 003 065 067 012 004 030 028 021 035 127 110 030 026 043 255 255 0 
18 07 40.315 026 020 016 065 087 031 020 035 044 015 043 114 081 031 021 031 076 074 076 083 059 071 076 080 095 094 099 113 116 101 100 122 107 111 092 169 142 100 094 112 030 032 035 030 043 015 000 017 031 022 034 006 054 018 009 026 038 029 050 078 122 052 042 065 255 255 0 
18 07 40.315 006 000 002 053 081 014 005 029 060 039 065 151 116 078 082 091 096 076 089 097 064 082 068 079 100 118 112 094 111 130 125 134 113 106 131 181 173 116 094 124 015 000 000 071 043 000 000 004 013 000 000 006 044 006 000 025 062 074 040 106 145 091 053 083 255 255 0 
18 07 40.414 021 000 000 022 068 031 012 037 087 029 022 074 117 063 056 074 120 119 109 113 085 104 103 100 033 034 082 058 059 061 046 068 114 116 075 147 155 067 046 056 011 011 022 108 056 007 000 005 007 000 000 023 041 009 000 019 038 019 017 076 100 067 029 068 255 255 0 
18 07 40.414 009 000 000 023 047 017 003 039 042 019 030 090 107 025 003 033 094 108 093 104 089 095 090 083 022 000 000 028 044 007 002 028 133 109 094 122 157 113 087 136 006 002 004 088 086 024 001 007 004 000 000 020 035 005 000 016 048 116 065 047 108 077 065 094 255 255 0 
18 07 40.527 015 000 003 034 043 019 000 029 041 018 062 115 088 045 006 038 110 062 071 171 129 098 068 032 099 120 115 104 084 082 091 114 112 112 097 108 142 117 127 142 036 006 008 127 075 065 002 017 016 000 000 049 035 009 000 015 032 010 014 051 065 051 035 076 255 255 0 
18 07 40.527 016 000 000 051 038 012 000 018 025 007 015 095 115 050 023 044 041 018 034 169 133 098 067 078 110 138 083 100 073 075 120 113 121 126 117 106 128 121 117 133 026 002 005 120 093 038 001 023 025 000 000 077 041 007 000 015 026 008 015 046 057 034 029 044 255 255 0 
18 07 40.623 018 000 000 037 040 003 000 018 043 025 031 073 081 049 034 057 093 081 088 178 151 104 091 102 063 055 053 097 049 064 054 074 101 122 111 096 102 120 111 131 024 002 001 100 088 012 003 026 024 001 001 094 047 002 000 014 022 024 015 039 054 025 017 034 255 255 0 
18 07 40.623 000 000 000 053 038 000 000 013 056 056 058 063 070 044 020 063 083 101 100 126 151 117 122 126 039 040 039 098 072 078 095 091 132 156 103 075 094 114 150 155 018 002 001 075 078 028 012 042 010 002 004 065 054 002 000 012 016 034 013 037 045 085 094 108 255 255 0 
18 07 40.736 030 005 004 090 037 000 000 016 076 091 043 058 068 063 060 075 104 082 093 126 126 110 092 119 121 104 112 163 120 108 083 088 126 124 132 103 108 134 140 139 003 079 072 097 118 045 079 106 023 012 007 127 086 030 001 025 023 028 025 062 054 039 032 048 255 255 0 
18 07 40.736 012 003 003 007 039 002 000 010 053 041 042 039 058 049 038 035 071 055 019 090 127 082 058 097 044 054 060 149 125 079 054 071 116 116 136 093 099 124 148 136 058 024 038 066 088 033 031 038 035 001 012 136 075 008 001 024 039 006 026 078 045 011 003 034 255 255 0 
18 07 40.831 011 001 000 060 059 003 000 017 002 001 001 034 054 048 040 027 058 033 010 075 084 033 030 033 044 038 031 132 101 049 056 067 113 112 109 121 091 129 120 123 077 069 072 096 092 085 099 105 030 013 019 109 096 036 045 048 004 000 000 075 051 015 012 035 255 255 0 
18 07 40.831 009 000 000 079 071 008 000 019 006 000 000 051 048 032 000 020 040 019 026 075 071 017 018 043 054 049 051 123 111 053 049 073 107 126 117 136 092 122 133 131 070 083 081 099 093 089 088 102 047 027 019 100 095 034 026 043 031 010 030 102 075 026 010 032 255 255 0 
18 07 40.946 002 001 001 082 074 010 000 023 026 010 014 070 047 016 007 028 053 026 042 081 064 039 021 043 056 034 039 118 114 066 042 065 112 128 121 147 124 114 118 123 101 091 086 103 085 096 096 103 060 026 031 102 098 083 029 056 041 009 018 091 080 034 008 027 255 255 0 
18 07 40.946 033 000 000 072 071 016 000 023 029 007 014 080 057 030 007 030 017 013 024 062 064 037 010 036 050 028 033 097 100 053 029 054 111 117 108 146 143 120 116 118 108 113 104 108 091 104 123 120 040 025 038 088 078 037 025 051 052 011 012 098 084 025 019 032 255 255 0 
18 07 40.946 029 000 000 072 074 015 000 024 039 018 054 108 077 014 000 020 023 001 001 054 055 018 002 024 062 056 070 118 121 072 064 086 110 103 096 145 134 106 108 112 104 099 086 094 080 097 096 101 033 021 016 065 058 027 029 035 054 019 036 118 130 039 024 049 255 255 0 
18 07 41.045 030 000 000 066 067 016 001 026 036 001 001 091 070 011 001 021 056 011 049 051 043 034 038 064 061 040 036 091 092 082 059 065 089 111 116 137 137 092 120 116 087 066 045 057 054 075 078 080 041 000 000 006 044 012 002 026 045 003 001 025 080 017 004 025 255 255 0 
18 07 41.045 025 000 003 002 050 023 005 069 092 079 092 119 114 098 085 091 074 055 089 056 040 050 045 064 020 000 000 032 045 039 003 030 108 106 109 182 172 127 094 121 098 082 005 104 048 039 065 073 018 000 002 027 024 006 000 022 069 065 077 143 114 095 077 096 255 255 0 
18 07 41.158 036 000 018 044 042 027 003 033 049 011 072 192 075 041 008 037 032 004 083 139 030 000 000 016 023 027 046 043 042 033 009 042 081 088 088 163 089 067 049 067 035 018 012 176 107 075 046 055 057 066 077 058 071 057 028 035 061 058 082 128 144 101 088 112 255 255 0 
18 07 41.158 022 000 015 044 047 004 003 025 020 009 071 124 102 059 057 037 051 046 053 055 068 040 045 049 040 048 019 034 034 015 023 055 065 098 055 118 137 081 060 079 126 070 111 129 128 092 117 105 107 078 081 055 072 059 072 078 098 117 082 060 095 083 088 109 255 255 0 
18 07 41.253 000 000 000 029 041 005 000 021 044 004 025 104 091 024 033 056 058 006 001 133 094 040 000 019 000 000 018 035 041 006 002 026 077 074 052 093 116 078 061 089 059 066 101 116 139 083 082 098 058 060 094 080 055 076 091 087 098 110 088 092 109 098 105 115 255 255 0 
18 07 41.253 000 000 014 049 046 002 000 020 008 012 034 083 082 018 002 025 001 000 080 156 108 006 001 022 015 006 071 082 048 005 000 021 037 038 062 079 077 040 029 049 089 067 115 178 151 086 054 092 079 084 125 132 085 074 086 095 094 101 093 078 091 106 100 117 255 255 0 
18 07 41.366 000 000 080 044 042 017 000 019 003 002 062 064 063 019 001 028 000 000 097 133 083 007 000 026 000 001 093 101 051 013 000 023 038 035 047 067 066 046 036 061 076 077 090 118 145 123 076 098 087 097 120 105 107 108 097 090 115 135 107 105 088 108 132 132 255 255 0 
18 07 41.366 000 000 084 048 035 013 000 019 016 003 060 019 050 018 006 030 000 000 079 022 078 078 001 025 017 012 103 004 039 018 001 023 041 024 068 045 053 030 026 041 079 070 097 082 133 108 074 098 092 097 140 135 142 112 082 096 095 130 112 096 074 093 119 121 255 255 0 
18 07 41.462 000 000 097 030 045 008 000 018 000 000 058 020 044 010 000 024 000 000 069 051 081 024 000 026 000 000 098 036 060 025 000 017 017 023 076 047 055 034 024 044 054 041 078 075 102 067 041 072 102 101 140 138 141 112 105 110 103 121 125 102 083 106 118 115 255 255 0 
18 07 41.462 000 000 102 090 062 027 000 016 000 000 059 044 048 019 000 021 000 000 063 086 103 071 000 027 004 003 101 073 069 026 000 020 074 043 093 069 062 067 041 056 057 057 078 077 089 084 052 093 088 119 133 106 134 112 107 112 083 088 124 081 067 077 099 101 255 255 0 
18 07 41.578 001 000 093 004 055 075 000 018 000 000 066 009 035 009 000 019 000 000 057 010 056 015 000 026 001 002 090 038 103 014 000 023 081 077 111 069 054 099 103 101 069 067 086 090 075 073 080 098 056 077 120 167 141 087 080 090 042 039 133 144 087 080 058 078 255 255 0 
18 07 41.578 082 024 109 188 157 024 014 029 042 000 070 047 049 000 000 004 031 000 042 066 064 015 007 046 056 005 094 190 207 041 005 040 090 125 139 104 104 133 133 129 050 000 052 075 076 077 093 101 055 009 077 145 167 028 014 059 055 026 018 134 171 028 000 005 255 255 0 
18 07 41.578 058 029 030 171 206 127 023 045 023 003 042 022 051 065 000 006 002 000 015 000 041 038 001 037 003 040 066 071 147 123 018 041 089 084 117 084 102 112 078 085 081 074 076 082 054 046 067 057 072 084 091 118 145 103 013 038 090 078 144 163 188 137 045 070 255 255 0 
18 07 41.677 011 004 054 136 128 026 009 041 003 004 083 069 047 017 043 039 069 013 050 038 051 022 051 042 042 014 064 004 076 054 047 067 088 092 133 101 121 090 115 111 101 050 092 073 067 085 085 087 084 079 090 109 111 103 077 121 124 120 119 150 166 156 134 142 255 255 0 
18 07 41.677 000 001 032 095 088 005 002 054 007 004 052 102 085 000 000 025 000 000 013 034 042 000 002 037 055 040 035 086 111 008 037 063 058 052 100 160 112 057 071 066 078 060 056 045 048 038 043 073 019 025 052 068 068 057 066 057 138 136 116 153 168 148 151 136 255 255 0 
18 07 41.790 000 000 050 026 065 004 000 001 037 027 100 052 096 036 021 011 000 000 037 027 040 014 000 000 000 000 020 042 069 018 004 001 049 021 083 143 154 070 035 029 056 036 092 065 064 031 039 034 035 031 059 063 068 058 047 047 135 122 116 160 178 150 152 150 255 255 0 
18 07 41.790 000 000 021 000 055 026 000 000 002 002 071 102 156 035 000 001 002 001 068 046 044 014 000 000 016 000 041 047 065 019 000 000 048 032 085 146 193 068 040 026 046 037 115 147 144 049 026 023 031 025 064 051 053 040 020 026 141 143 115 145 173 150 141 135 255 255 0 
18 07 41.885 000 000 064 060 065 030 000 000 001 000 015 122 124 049 002 001 000 001 038 103 065 021 000 000 000 000 016 006 049 030 015 012 028 008 055 105 130 074 031 026 010 007 055 133 160 055 011 006 057 057 051 063 060 048 052 058 127 139 086 126 136 135 141 136 255 255 0 
18 07 41.885 000 000 015 043 054 026 000 000 012 000 000 095 166 078 000 000 000 000 000 128 145 047 000 000 000 000 000 027 044 016 000 000 042 016 034 078 117 071 017 016 036 017 044 157 180 087 018 019 065 062 067 076 058 037 061 067 098 134 127 099 103 108 132 129 255 255 0 
18 07 41.999 005 000 016 048 048 021 001 000 008 000 023 096 124 026 000 000 010 000 024 157 188 028 000 000 000 000 012 046 053 024 000 000 037 015 031 063 088 040 015 014 063 017 088 177 179 050 014 018 077 067 106 138 092 067 068 078 107 127 087 077 070 119 128 122 255 255 0 
18 07 41.999 005 000 072 069 058 022 000 000 000 000 047 081 092 028 000 001 044 000 015 170 197 036 000 000 014 000 014 084 062 019 001 000 040 019 033 049 060 048 029 024 046 022 077 158 208 055 025 027 084 073 112 162 154 081 068 081 103 123 080 057 059 104 116 100 255 255 0 
18 07 42.094 014 000 044 004 040 015 000 001 000 001 026 012 054 024 001 000 000 000 072 131 189 032 000 000 000 000 088 119 107 022 000 011 027 002 040 040 048 021 001 000 043 024 070 139 137 112 023 019 064 043 126 199 206 164 032 020 118 131 142 058 042 062 101 097 255 255 0 
18 07 42.094 039 000 000 110 044 053 000 000 023 000 000 031 055 029 006 005 054 007 044 161 101 133 010 012 136 029 048 173 065 079 000 000 064 076 035 033 114 047 166 153 062 047 079 114 137 108 124 174 050 060 151 211 153 168 098 061 050 000 064 000 012 028 000 056 255 255 0 
18 07 42.209 060 069 003 085 020 091 000 063 041 000 013 025 023 028 000 037 042 060 056 073 072 089 053 153 153 072 125 088 071 139 070 124 106 000 050 032 009 040 012 038 053 000 034 068 061 074 078 123 148 072 123 178 098 152 042 161 162 020 101 029 028 076 040 042 255 255 0 
18 07 42.209 132 104 058 107 078 130 066 104 068 000 000 008 010 036 022 046 001 041 038 081 056 081 120 145 105 186 074 152 112 156 129 177 100 101 099 041 077 103 076 084 056 049 016 056 084 076 099 113 059 150 142 220 123 169 204 216 038 143 144 034 001 089 024 046 255 255 0 
18 07 42.305 055 127 115 147 046 121 109 149 000 000 000 011 009 025 000 024 034 029 013 000 047 044 052 104 099 045 100 056 104 137 028 057 089 126 104 115 072 114 081 089 095 131 115 132 119 081 130 136 036 065 088 067 100 128 105 061 028 029 108 002 016 032 000 000 255 255 0 
18 07 42.305 001 004 018 008 036 052 002 000 000 000 038 022 012 013 000 000 000 000 018 036 029 024 000 000 009 015 071 094 065 100 015 013 096 104 134 090 083 124 088 101 096 086 084 088 075 072 088 108 100 092 097 129 120 111 088 094 108 038 130 084 080 104 028 051 255 255 0 
18 07 42.418 018 000 082 131 055 064 001 042 041 000 097 043 033 017 000 027 022 000 046 038 045 023 000 034 048 000 066 118 065 038 000 050 089 082 136 137 113 085 072 075 078 092 102 101 091 091 076 100 075 117 104 118 138 131 130 142 125 041 129 111 097 084 053 085 255 255 0 
18 07 42.418 003 000 070 111 071 038 000 044 084 000 064 060 041 000 000 020 000 000 017 024 029 000 000 028 000 000 028 025 041 041 000 047 075 061 114 087 122 063 074 090 067 063 090 070 067 066 066 077 091 110 089 110 123 114 112 126 075 086 126 081 097 070 078 106 255 255 0 
18 07 42.418 000 000 064 076 046 028 022 060 002 000 105 075 048 021 000 030 000 000 067 025 021 000 000 029 009 000 049 021 040 007 000 041 067 057 067 110 106 051 040 071 070 065 087 067 046 074 066 077 109 140 110 106 083 110 122 123 086 077 080 107 148 121 092 114 255 255 0 
18 07 42.517 060 019 038 080 096 045 036 062 001 000 000 051 083 000 000 039 044 009 018 021 035 022 014 040 002 001 001 015 049 001 002 043 055 050 049 114 121 047 040 076 087 063 069 071 077 064 061 077 092 111 093 089 089 111 133 124 069 072 074 088 116 081 072 114 255 255 0 
18 07 42.517 046 014 039 029 065 023 012 053 003 000 000 001 045 000 000 042 004 000 000 000 021 000 000 029 000 000 000 000 027 000 000 038 072 050 064 062 116 066 053 095 061 062 064 067 087 068 058 074 085 126 090 097 075 105 132 116 050 055 051 060 090 063 062 108 255 255 0 
18 07 42.630 000 000 000 000 029 000 000 038 001 000 000 037 046 000 000 045 040 016 037 054 061 023 016 033 000 000 000 014 024 000 000 033 068 063 078 115 113 072 074 109 063 065 061 085 094 072 068 093 079 103 071 054 060 080 091 089 059 066 052 075 086 066 068 104 255 255 0 
18 07 42.630 000 000 000 011 032 000 000 028 000 000 000 020 043 000 001 032 087 000 001 003 037 000 000 015 047 000 000 000 024 014 000 017 070 085 092 097 120 087 087 105 129 098 104 110 125 096 097 104 116 068 068 046 054 078 084 084 072 060 047 030 062 049 042 076 255 255 0 
18 07 42.725 038 000 040 000 023 000 000 023 047 000 046 001 046 009 006 035 108 009 093 037 073 011 000 018 093 000 060 000 024 000 000 012 102 140 122 145 131 130 148 145 129 108 142 111 134 069 061 074 037 004 099 031 038 019 020 025 021 009 061 008 032 000 023 033 255 255 0 
18 07 42.725 018 000 000 000 023 000 000 010 000 000 020 002 038 004 008 016 042 028 097 048 057 032 104 102 067 090 085 028 042 064 062 066 059 000 024 010 016 032 046 074 066 039 031 045 077 034 063 147 097 087 021 039 018 000 001 041 029 000 000 000 005 000 021 054 255 255 0 
18 07 42.841 042 015 000 000 000 000 007 047 009 004 000 000 019 003 020 093 090 068 011 061 043 007 004 112 024 002 001 000 023 000 000 000 026 000 002 000 027 014 000 033 051 008 024 019 040 005 012 065 113 010 060 028 036 013 004 000 038 000 016 000 020 000 000 000 255 255 0 
18 07 42.841 050 001 022 019 041 000 000 020 013 000 000 000 024 000 000 003 040 005 042 029 047 008 006 009 080 107 101 118 111 090 078 083 085 106 097 095 104 091 096 103 069 067 088 056 069 060 058 021 004 004 053 042 032 000 000 000 000 000 011 000 019 000 000 000 255 255 0 
18 07 42.936 030 015 085 091 072 028 014 016 000 001 038 000 020 000 000 000 022 011 041 089 047 012 022 022 088 082 110 183 108 082 086 084 106 111 103 010 087 126 136 130 090 070 087 082 107 071 073 074 002 004 001 076 034 000 000 007 001 003 007 000 020 007 008 004 255 255 0 
18 07 42.936 062 022 034 042 050 003 001 000 005 000 000 000 020 017 000 013 038 023 023 047 042 029 018 039 084 093 072 162 110 097 090 095 155 148 146 053 097 144 145 132 063 056 046 007 069 064 053 078 001 001 003 086 038 010 004 017 015 009 003 001 016 000 000 013 255 255 0 
18 07 43.049 033 032 050 087 071 044 027 031 000 000 000 000 018 000 000 012 006 002 009 006 032 016 017 037 071 075 061 147 106 068 065 082 135 145 129 145 109 148 146 133 068 042 038 019 047 035 040 056 014 000 000 011 039 002 000 018 032 000 001 003 031 000 002 017 255 255 0 
18 07 43.049 039 010 033 041 066 034 005 034 018 000 000 014 025 000 000 015 034 024 025 020 049 036 016 039 075 076 079 084 114 096 091 109 138 141 139 150 140 141 150 147 060 055 055 044 055 044 040 063 000 000 000 002 029 003 000 023 008 001 006 008 040 003 001 021 255 255 0 
18 07 43.049 057 022 041 045 079 054 023 039 002 018 033 000 021 003 001 014 029 036 028 031 049 038 042 055 068 065 067 073 100 076 070 097 120 140 127 121 130 121 138 126 054 048 047 046 058 046 049 062 003 000 000 001 025 001 000 019 002 007 002 009 026 000 000 020 255 255 0 
18 07 43.149 063 025 030 042 072 040 030 045 034 001 002 009 021 000 000 010 042 033 037 014 044 041 028 047 071 067 071 086 105 083 090 106 126 133 126 127 144 143 124 125 060 051 045 039 063 042 053 068 012 000 004 000 021 002 008 024 023 005 013 014 044 004 002 015 255 255 0 
18 07 43.149 072 075 076 086 102 059 006 027 016 013 017 007 032 009 006 019 029 000 030 000 036 034 046 052 074 088 076 109 101 085 084 100 146 177 155 153 158 151 152 139 030 000 001 000 010 000 000 000 006 000 016 000 022 000 003 012 006 005 009 015 053 017 012 042 255 255 0 
18 07 43.262 009 024 022 013 042 014 034 031 063 037 071 039 088 024 041 050 072 000 023 000 000 000 008 026 035 000 012 000 031 000 027 072 109 123 110 111 145 084 098 152 114 043 045 057 067 059 056 070 054 000 000 000 011 000 000 041 063 044 045 025 067 016 040 107 255 255 0 
18 07 43.262 093 099 058 000 031 080 093 092 064 059 071 058 084 050 016 116 125 106 095 045 067 112 019 100 047 000 000 000 024 000 007 044 088 120 113 071 127 092 076 139 104 021 013 010 046 006 001 028 041 000 000 000 018 000 000 000 023 022 007 013 051 015 009 012 255 255 0 
18 07 43.357 112 125 134 146 129 158 165 168 090 029 044 064 076 077 043 032 065 045 047 056 053 068 013 059 043 000 000 000 009 000 000 000 049 077 078 086 100 073 060 068 105 021 046 065 081 002 082 046 045 000 000 000 012 000 000 000 016 000 000 000 029 003 005 005 255 255 0 
18 07 43.357 071 048 066 027 039 027 035 044 108 123 135 132 147 123 134 135 125 087 076 064 094 059 061 057 016 020 008 000 025 004 009 017 046 023 041 036 063 037 029 027 010 001 010 002 046 001 001 002 003 000 000 000 020 000 000 001 004 000 013 000 031 000 000 003 255 255 0 
18 07 43.473 047 050 043 049 056 057 057 062 086 132 103 119 126 117 125 135 112 075 072 075 103 062 062 069 097 016 001 000 035 028 042 027 047 034 035 021 048 000 019 005 063 000 019 006 047 001 001 002 050 000 000 000 021 000 000 000 000 000 000 000 026 000 000 004 255 255 0 
18 07 43.473 050 034 052 000 034 050 050 054 106 152 132 102 119 125 136 151 098 089 087 092 110 083 086 076 030 029 056 018 040 044 025 023 010 000 017 000 028 000 020 020 013 007 012 014 041 001 001 004 026 000 016 002 024 000 000 000 012 000 015 000 023 001 000 003 255 255 0 
18 07 43.568 076 074 082 065 064 067 073 077 104 111 108 104 099 113 111 131 095 095 102 094 123 092 088 079 056 020 034 012 050 034 030 022 047 019 018 000 034 012 000 010 001 000 001 011 041 002 000 005 049 000 015 002 037 000 000 000 021 000 000 000 022 000 000 001 255 255 0 
18 07 43.568 076 077 096 076 087 073 072 081 120 121 108 109 104 114 120 134 111 086 090 096 109 081 084 066 050 017 032 025 062 024 023 014 002 000 014 000 025 000 009 001 021 000 026 002 036 000 000 002 012 000 039 003 036 001 000 001 007 005 007 000 022 001 000 000 255 255 0 
18 07 43.681 110 113 102 112 116 113 114 123 107 115 105 106 094 121 113 118 074 019 040 046 072 056 044 038 051 018 017 005 042 001 003 001 031 000 019 006 026 002 001 004 028 001 018 000 032 000 001 002 006 001 005 010 040 001 000 000 023 000 000 000 018 000 000 000 255 255 0 
18 07 43.681 140 138 130 116 101 054 055 060 139 115 095 165 123 160 063 111 105 108 104 130 092 055 109 076 071 058 080 088 090 007 020 009 061 005 003 072 075 000 110 017 068 107 096 058 081 058 076 068 056 007 010 028 040 008 006 004 029 002 001 000 014 000 000 000 255 255 0 
18 07 43.681 065 038 013 056 039 137 081 032 014 002 000 017 015 030 000 020 091 132 067 099 104 083 152 134 050 011 060 068 097 052 038 140 092 080 077 070 091 084 101 113 082 028 006 000 038 051 119 128 050 041 035 040 075 076 095 131 076 071 020 022 035 000 012 061 255 255 0 
18 07 43.780 071 041 039 048 063 021 018 095 090 027 013 000 000 000 000 026 080 115 109 077 081 060 064 082 089 077 097 093 126 085 093 109 135 164 186 176 151 128 119 118 108 080 089 112 106 100 089 116 060 077 065 074 109 088 094 119 066 067 046 022 044 008 006 000 255 255 0 
18 07 43.780 017 008 124 113 124 088 073 047 039 024 057 083 059 068 012 007 115 142 121 098 093 085 104 102 066 033 068 085 090 034 027 032 022 055 048 043 061 015 008 010 051 111 111 102 089 037 044 077 000 000 000 008 030 003 002 005 007 007 005 004 039 002 001 003 255 255 0 
18 07 43.893 082 095 050 068 077 093 046 030 024 019 004 003 040 000 000 000 061 034 025 000 057 002 031 003 000 001 000 020 047 014 019 036 085 097 076 050 073 038 073 098 000 000 000 000 006 000 000 000 000 000 000 000 026 005 002 007 013 008 009 028 050 011 007 004 255 255 0 
18 07 43.893 078 049 080 100 110 072 094 080 037 041 031 051 056 004 008 000 081 076 093 052 071 084 073 061 028 000 000 000 029 006 003 007 027 046 011 018 048 023 005 001 011 000 000 000 013 000 000 000 012 000 000 000 025 000 000 003 029 005 003 019 047 005 003 005 255 255 0 
18 07 43.988 069 090 106 089 108 095 076 093 055 002 015 045 053 032 008 006 044 010 027 010 034 020 042 039 012 000 000 000 029 000 001 000 047 029 030 037 076 015 016 009 022 000 000 000 030 000 000 000 016 000 000 000 024 000 000 000 027 000 000 016 043 004 004 004 255 255 0 
18 07 43.988 071 078 077 075 078 078 079 089 061 007 023 024 060 013 008 008 056 033 061 028 059 037 037 012 029 000 000 000 023 000 001 000 048 038 058 061 082 046 036 034 034 003 001 004 039 001 002 002 018 000 000 000 024 000 000 000 022 000 000 001 039 002 002 002 255 255 0 
18 07 44.105 040 047 050 052 055 039 039 035 041 001 001 014 043 003 002 002 023 014 014 011 035 009 011 002 008 000 000 000 019 000 001 001 055 037 056 059 079 044 043 030 031 011 022 012 033 001 000 000 008 000 000 000 019 000 000 000 006 001 000 000 034 002 017 014 255 255 0 
18 07 44.105 065 071 063 069 072 068 078 084 013 003 020 015 048 010 016 012 015 029 036 013 044 010 003 004 000 000 000 000 027 000 004 000 070 041 051 043 070 044 042 039 064 004 038 038 060 028 028 023 023 000 000 000 027 000 000 000 033 026 027 020 055 026 023 019 255 255 0 
18 07 44.200 038 051 049 039 056 043 052 059 018 000 000 020 076 003 054 046 037 022 035 037 078 056 054 043 006 000 000 000 024 000 000 000 062 058 075 074 080 063 062 049 057 049 055 069 102 051 049 067 009 000 000 000 033 000 000 000 038 050 055 035 055 056 063 074 255 255 0 
18 07 44.200 006 002 006 000 030 012 008 035 000 000 000 001 037 003 002 005 072 053 033 064 102 052 084 051 018 019 023 008 035 023 016 015 064 053 057 057 061 059 065 043 003 002 003 010 058 009 004 005 017 001 001 000 046 000 000 000 035 000 000 000 024 000 000 000 255 255 0 
18 07 44.314 007 000 000 000 014 000 000 024 023 000 038 000 035 000 000 045 117 135 103 123 144 141 105 142 018 001 001 003 035 000 000 021 131 098 098 113 097 137 141 120 082 087 098 092 115 090 091 120 007 006 006 005 041 000 000 064 000 000 000 000 019 000 000 034 255 255 0 
18 07 44.314 028 010 005 000 015 000 000 051 077 076 000 000 054 043 006 056 113 084 128 109 128 098 089 148 025 006 002 005 037 000 000 067 112 127 109 109 105 122 102 118 010 000 000 044 043 021 066 107 022 008 006 017 045 013 016 090 035 088 073 087 076 054 076 096 255 255 0 
18 07 44.314 020 005 002 002 040 000 000 063 000 000 000 000 027 000 000 048 105 110 109 104 110 111 095 133 008 007 011 009 051 007 005 102 104 096 080 064 058 084 058 103 000 000 000 000 030 004 008 066 013 008 014 016 052 006 007 044 013 010 010 014 064 078 018 036 255 255 0 
18 07 44.413 011 008 005 002 042 002 001 040 000 000 000 000 021 000 000 015 105 082 089 110 113 128 112 124 007 014 028 029 099 063 045 045 002 000 000 000 019 000 000 000 000 000 000 000 031 000 001 002 005 006 006 012 054 013 011 009 081 094 100 096 104 085 072 068 255 255 0 
18 07 44.413 008 007 007 008 051 004 002 000 000 000 000 000 018 000 000 000 086 088 093 080 082 107 107 091 040 051 068 070 114 067 069 055 051 058 069 047 085 062 034 071 000 000 000 000 028 000 000 000 002 000 001 004 050 005 005 005 023 036 043 041 074 035 047 038 255 255 0 
18 07 44.527 002 001 004 007 051 004 001 000 001 002 000 000 026 000 000 000 076 075 073 069 075 079 081 069 024 023 014 013 055 013 012 011 092 101 081 089 120 113 112 109 000 000 002 000 031 000 000 000 000 001 002 000 045 004 004 003 054 011 059 064 095 001 001 001 255 255 0 
18 07 44.527 006 002 005 009 050 007 007 005 003 003 005 010 041 000 000 000 072 077 083 075 073 110 086 052 013 011 035 018 053 019 023 029 095 094 100 104 126 103 103 117 031 022 033 000 032 000 006 017 000 000 008 000 042 006 003 005 020 018 030 007 056 004 004 002 255 255 0 
18 07 44.622 000 009 021 008 050 007 008 006 022 022 045 025 065 026 021 036 102 091 093 081 072 091 081 086 016 022 038 035 066 037 033 025 093 123 123 139 156 137 136 148 000 014 000 000 020 000 000 000 000 000 000 000 033 002 010 002 011 016 016 012 054 005 010 005 255 255 0 
18 07 44.622 000 000 000 001 043 002 006 003 026 029 030 036 068 025 022 021 060 086 095 083 067 097 096 101 050 018 023 033 063 068 058 069 126 126 135 094 146 137 116 157 002 000 003 000 030 000 000 000 030 052 029 023 062 000 040 001 004 004 007 012 054 017 005 003 255 255 0 
18 07 44.735 000 000 000 000 035 015 013 008 020 015 021 021 073 021 011 011 067 056 080 046 075 071 094 062 056 063 070 072 067 057 030 040 112 095 104 118 142 099 083 104 045 060 069 035 061 046 044 048 000 000 019 000 026 000 000 000 017 000 018 019 042 019 005 004 255 255 0 
18 07 44.735 000 000 000 000 028 000 002 001 008 004 012 007 046 005 002 001 074 058 078 074 099 078 065 077 023 043 042 046 060 071 059 068 079 115 093 096 121 107 110 110 067 054 069 072 091 056 088 075 000 000 000 000 021 000 000 000 002 000 000 000 028 001 001 000 255 255 0 
18 07 44.832 004 004 005 002 029 008 002 000 025 011 012 022 052 018 029 014 076 043 069 059 080 066 040 031 059 076 076 077 073 058 066 065 108 137 109 100 116 112 131 130 079 084 076 094 116 081 077 083 000 000 000 000 017 000 000 000 017 018 020 016 038 014 011 012 255 255 0 
18 07 44.832 000 000 000 000 020 000 000 000 033 013 029 022 075 051 041 027 016 015 041 014 053 019 017 012 062 062 060 056 061 067 068 079 122 138 123 123 113 116 128 123 063 071 064 071 100 067 076 077 001 001 003 000 020 000 000 000 033 025 025 025 048 027 023 016 255 255 0 
18 07 44.945 003 001 007 002 024 000 000 000 057 029 052 052 073 045 031 025 008 013 025 023 048 015 023 021 058 055 055 058 059 064 062 076 113 130 122 121 106 112 128 120 073 076 073 103 110 081 083 073 000 000 000 000 025 000 000 000 031 021 028 026 044 026 018 015 255 255 0 
18 07 44.945 000 000 003 000 016 000 000 000 036 016 029 019 048 021 013 011 018 013 030 078 060 027 025 017 069 077 080 054 091 094 092 091 119 143 119 123 107 120 139 140 067 069 066 111 096 066 069 067 005 000 001 043 030 000 000 000 012 010 021 000 032 016 017 013 255 255 0 
18 07 45.040 000 000 000 000 018 000 000 000 036 014 013 000 038 039 002 019 001 003 006 036 051 010 009 009 068 084 077 103 110 080 081 094 086 113 098 056 082 092 118 112 063 073 068 130 107 065 074 079 003 001 001 058 045 001 000 000 002 012 016 010 037 016 016 010 255 255 0 
18 07 45.040 000 000 019 040 031 000 000 000 001 000 039 000 030 035 024 018 004 005 005 130 037 003 000 001 060 073 065 075 102 079 083 093 083 120 089 000 058 091 119 115 061 079 070 040 083 069 079 080 001 001 002 172 055 002 001 001 007 005 022 000 022 004 007 006 255 255 0 
18 07 45.040 001 001 028 148 050 000 000 000 042 023 026 000 033 019 015 005 005 004 003 073 056 008 006 005 074 075 080 184 127 079 073 083 090 126 101 084 080 108 130 122 078 074 088 066 073 068 074 075 000 000 001 041 060 001 000 000 007 004 006 000 030 005 005 004 255 255 0 
18 07 45.157 001 000 046 026 052 000 000 000 011 001 050 000 030 025 016 010 028 011 044 014 038 008 002 000 072 067 092 091 115 057 066 082 118 136 128 073 094 123 139 133 083 082 089 014 071 101 084 085 000 000 071 035 044 002 001 001 011 005 045 071 044 007 002 001 255 255 0 
18 07 45.157 001 000 044 144 054 000 000 000 016 009 062 006 039 017 013 011 016 012 047 020 044 019 014 013 066 070 086 173 128 072 074 083 116 131 126 138 127 128 130 124 069 077 069 021 061 092 084 079 002 003 002 062 045 002 001 001 035 019 028 031 063 025 014 013 255 255 0 
18 07 45.252 000 000 001 009 051 001 000 000 029 014 034 016 051 021 015 012 000 000 000 000 024 000 003 002 074 070 080 082 112 078 068 075 132 148 135 133 149 139 150 142 067 066 073 046 063 060 057 072 000 000 000 014 037 001 000 020 020 025 037 047 066 032 023 019 255 255 0 
18 07 45.252 000 000 000 067 040 004 000 000 016 013 043 066 037 019 004 005 041 020 040 000 036 040 023 016 057 054 059 108 096 053 059 065 138 150 131 188 161 146 154 149 072 068 064 023 064 081 070 071 000 000 001 001 024 002 001 001 012 005 006 064 040 007 002 003 255 255 0 
18 07 45.365 000 000 000 056 033 009 000 000 045 023 043 071 069 037 023 000 053 026 054 000 037 042 026 021 060 061 060 064 083 078 065 072 097 127 108 233 143 122 135 136 065 076 077 000 046 079 080 074 005 004 007 000 025 027 003 003 039 024 034 086 064 038 016 015 255 255 0 
18 07 45.365 000 000 000 016 025 015 000 000 025 010 021 048 049 030 012 011 045 018 043 000 032 041 015 014 082 078 085 077 092 088 076 083 111 140 129 176 157 141 141 142 083 078 086 059 085 082 075 075 001 001 017 000 016 012 010 001 043 024 037 055 069 048 024 017 255 255 0 
18 07 45.463 000 000 001 000 027 014 000 000 014 006 013 180 061 034 012 009 026 015 026 000 033 029 015 010 069 069 070 000 054 082 072 072 118 131 121 247 156 126 121 128 069 067 077 166 096 070 073 076 013 013 025 000 028 020 012 014 011 006 032 107 063 038 018 015 255 255 0 
18 07 45.463 000 000 000 000 022 010 000 001 006 002 009 162 050 015 002 001 002 001 002 092 029 013 009 006 072 074 073 000 052 085 076 085 111 122 108 121 127 119 124 121 088 082 094 125 118 098 088 079 017 015 016 000 028 022 014 013 024 017 025 025 051 037 018 014 255 255 0 
18 07 45.576 006 000 000 000 017 010 000 000 004 001 003 067 036 015 000 001 027 013 025 035 065 045 022 016 067 064 071 028 065 082 060 065 103 121 104 120 115 116 122 123 110 094 109 103 117 097 086 083 024 018 024 018 030 026 018 017 030 016 038 021 044 033 021 012 255 255 0 
18 07 45.576 009 000 000 000 015 008 000 000 002 000 000 003 030 013 000 000 047 019 035 023 044 043 023 015 085 074 079 066 064 088 074 074 127 132 128 128 118 137 137 135 090 065 073 090 106 085 084 072 019 012 013 007 030 021 012 014 018 004 004 000 023 014 002 003 255 255 0 
18 07 45.672 010 000 000 000 016 006 000 000 013 004 007 011 036 024 004 003 011 001 001 027 052 034 016 016 069 070 082 066 070 085 077 075 094 120 113 120 105 117 135 130 084 071 088 086 109 086 077 069 026 021 022 021 042 034 017 019 006 004 003 000 018 019 001 001 255 255 0 
18 07 45.672 000 000 000 000 012 007 000 000 013 007 010 000 026 019 007 010 012 002 003 188 047 020 003 002 084 079 077 145 098 087 079 076 125 133 122 000 075 114 134 140 073 064 070 164 103 079 064 059 023 012 015 086 056 036 009 009 010 004 005 000 013 016 005 005 255 255 0 
18 07 45.785 001 000 023 000 014 008 000 000 000 000 015 013 033 010 001 001 009 004 044 065 056 031 015 006 070 070 099 111 105 087 077 086 132 139 106 101 106 127 131 138 075 076 088 106 106 091 077 073 007 007 022 090 036 020 008 008 000 000 016 045 018 009 001 002 255 255 0 
18 07 45.785 006 000 000 057 030 009 000 000 010 000 000 030 027 010 000 000 004 003 006 053 034 013 005 012 067 065 074 110 099 086 069 072 130 155 136 113 107 129 151 151 042 044 063 087 078 060 052 051 005 004 028 090 061 045 005 004 010 003 025 060 026 027 004 004 255 255 0 
18 07 45.785 009 000 030 055 059 029 003 004 007 000 000 032 024 018 005 001 025 003 021 052 034 032 004 009 068 066 074 111 106 087 075 081 120 140 133 136 106 126 150 143 087 059 063 088 074 068 053 058 056 018 019 049 060 069 019 014 041 000 006 026 026 014 000 000 255 255 0 
18 07 45.888 035 000 020 019 060 039 000 000 034 001 021 011 036 025 000 001 024 001 010 014 031 038 001 001 065 064 075 073 094 100 064 075 125 140 125 126 122 121 146 142 071 052 059 060 075 085 054 055 052 017 018 016 044 082 008 008 029 009 002 002 030 082 000 000 255 255 0 
18 07 45.888 031 000 000 000 031 065 000 000 038 005 008 035 027 021 001 002 024 002 006 029 028 024 001 002 063 063 074 071 090 076 068 078 129 150 136 131 141 130 158 151 103 057 066 086 081 083 064 059 063 019 018 046 079 063 020 022 065 018 025 022 060 064 011 010 255 255 0 
18 07 46.001 021 000 000 000 075 034 000 000 021 000 000 000 075 025 000 000 025 000 032 052 052 037 001 002 062 073 067 068 105 087 068 070 123 139 131 134 156 137 142 133 110 065 075 065 063 086 070 064 007 008 021 007 058 062 005 006 058 014 050 035 118 070 016 011 255 255 0 
18 07 46.001 022 000 025 000 046 022 000 000 007 000 030 000 030 037 000 000 020 000 036 032 026 039 012 000 064 068 060 095 103 081 069 080 126 133 120 126 142 132 148 130 079 074 102 070 073 095 064 059 028 006 063 007 041 048 007 008 036 016 081 025 071 076 014 011 255 255 0 
18 07 46.100 000 000 058 051 032 033 000 000 000 000 050 050 030 058 000 000 028 004 042 031 026 051 000 000 068 076 063 087 088 083 073 081 150 150 124 146 154 140 155 142 065 062 107 098 087 086 065 060 012 009 063 059 039 053 012 011 023 008 065 057 045 062 000 000 255 255 0 
18 07 46.100 003 000 053 053 030 033 000 001 016 010 081 086 063 065 010 008 004 003 046 072 026 043 003 010 057 061 048 081 072 067 065 074 146 159 140 149 160 135 152 144 054 054 126 118 085 098 059 058 013 014 011 057 039 053 012 012 000 000 031 066 033 052 001 001 255 255 0 
18 07 46.212 000 000 034 046 031 029 000 000 018 005 039 073 044 059 004 003 011 003 053 074 034 047 003 002 070 075 068 093 085 075 074 083 122 138 103 138 146 125 136 132 092 074 113 102 120 094 068 066 033 019 077 070 053 031 011 010 017 000 060 070 041 040 000 000 255 255 0 
18 07 46.212 007 000 063 054 044 028 000 000 007 005 076 085 088 060 005 005 005 004 100 096 047 065 004 005 063 063 100 103 083 073 067 080 113 146 122 138 142 129 151 138 106 052 121 114 099 100 056 057 053 008 090 070 044 047 004 005 032 000 064 060 036 044 002 002 255 255 0 
18 07 46.308 021 000 070 062 029 027 000 000 033 008 070 085 053 054 008 007 041 004 096 092 050 063 006 005 066 065 103 105 080 070 066 074 112 152 117 138 134 126 148 140 097 051 109 116 092 089 049 058 051 009 096 067 039 041 004 004 028 000 063 053 041 028 000 000 255 255 0 
18 07 46.308 029 000 072 041 041 016 000 000 032 009 065 060 052 043 010 008 023 002 087 060 044 049 003 004 066 067 111 095 083 077 070 078 120 141 118 128 117 134 141 133 061 059 109 107 106 081 058 058 055 009 104 085 053 027 008 009 028 000 068 064 036 015 000 003 255 255 0 
18 07 46.421 000 000 079 059 033 012 000 000 000 000 059 064 044 018 000 000 010 004 081 070 059 024 007 007 071 071 122 109 094 082 072 079 139 147 123 127 124 136 144 138 045 045 096 095 093 061 043 047 020 018 105 092 065 035 015 014 006 000 063 063 042 013 000 000 255 255 0 
18 07 46.421 000 000 029 055 040 008 000 000 000 000 016 049 040 008 000 000 025 006 048 070 055 022 007 008 069 071 083 112 101 079 070 079 114 147 147 136 115 140 150 138 093 058 059 077 083 066 054 055 016 011 046 073 060 028 016 017 008 000 000 030 035 011 000 000 255 255 0 
18 07 46.421 029 000 000 037 038 011 000 000 016 000 000 000 030 011 001 000 035 011 019 056 056 036 013 013 065 062 051 095 096 076 063 073 123 142 129 116 111 138 148 134 066 057 067 086 091 073 062 065 047 011 011 065 057 031 011 013 007 000 000 032 028 017 000 000 255 255 0 
18 07 46.520 043 000 000 048 043 023 000 000 026 000 000 033 032 019 000 000 029 000 001 046 050 037 003 001 077 066 071 099 104 093 066 075 124 145 138 128 097 123 142 133 061 063 067 085 085 078 067 065 024 004 005 054 056 016 005 005 033 001 001 036 040 021 000 000 255 255 0 
18 07 46.520 025 000 000 042 044 022 000 000 005 000 000 031 034 012 000 000 019 005 007 047 048 020 005 007 076 073 073 096 106 080 068 077 130 136 125 127 120 133 147 139 075 042 043 068 065 053 045 051 046 003 011 058 063 025 010 009 042 000 000 044 047 010 000 000 255 255 0 
18 07 46.633 011 000 000 027 048 013 000 000 040 007 012 038 041 017 006 004 037 008 008 037 045 020 009 010 070 074 068 089 109 086 071 079 134 146 147 143 146 139 146 142 060 049 049 075 068 066 056 052 007 001 002 053 048 014 002 002 015 000 000 051 046 012 000 000 255 255 0 
18 07 46.633 014 000 000 045 048 011 000 000 031 014 026 064 051 026 011 009 015 012 011 051 043 022 022 018 056 069 063 082 091 072 069 083 131 131 135 148 147 135 139 133 065 068 074 089 073 069 070 061 010 003 003 053 042 015 003 004 004 000 000 053 041 015 000 000 255 255 0 
18 07 46.732 021 000 000 038 043 013 000 001 027 000 000 044 043 010 000 000 039 019 026 050 050 039 019 011 073 078 076 102 105 093 083 086 149 131 141 153 146 134 132 135 053 057 057 086 072 065 059 058 007 002 001 034 034 013 000 000 000 000 000 041 051 028 000 000 255 255 0 
18 07 46.732 000 000 000 039 045 023 000 001 005 007 001 069 047 026 000 000 009 011 009 059 051 030 008 004 077 089 093 109 106 088 078 084 112 127 114 143 151 134 129 133 062 061 057 085 062 092 043 034 000 000 000 053 038 036 000 000 020 008 015 050 056 019 007 005 255 255 0 
18 07 46.845 023 000 000 037 042 014 000 000 036 004 003 067 052 019 005 004 010 007 017 063 051 019 018 020 073 087 086 095 097 087 088 094 118 126 114 135 148 128 128 131 074 057 060 083 084 106 055 053 039 002 003 028 036 022 002 001 022 001 002 002 045 023 001 002 255 255 0 
18 07 46.845 017 000 000 031 059 018 000 000 018 000 001 033 115 024 001 001 017 011 016 052 098 036 011 016 080 082 080 091 075 060 083 090 111 119 108 115 143 110 117 125 082 063 062 063 144 105 059 061 006 000 000 013 030 010 000 000 025 004 009 045 052 040 003 001 255 255 0 
18 07 46.940 017 000 022 001 040 027 008 004 032 007 012 015 084 033 006 010 012 009 018 028 069 033 011 013 090 092 092 100 076 082 081 091 135 133 124 133 144 144 153 146 087 047 049 070 081 065 043 044 042 000 000 012 029 011 003 008 033 008 011 016 039 029 008 014 255 255 0 
18 07 46.940 041 006 021 009 040 024 006 010 044 009 012 016 059 031 021 024 061 011 028 021 061 040 020 024 079 095 088 097 088 065 098 108 101 114 107 105 107 111 109 121 080 057 061 071 101 072 054 060 025 000 007 009 027 021 005 013 043 015 010 016 041 023 006 011 255 255 0 
18 07 47.053 051 021 028 030 050 031 015 020 049 020 030 027 063 041 020 023 048 010 020 017 055 042 019 023 070 070 090 098 080 078 072 083 095 112 103 115 107 107 115 134 061 049 062 056 089 073 064 079 028 009 003 006 034 022 012 014 045 034 038 042 054 062 026 022 255 255 0 
18 07 47.053 040 007 014 025 038 023 013 016 032 007 002 016 033 016 001 005 065 033 050 044 084 056 038 032 081 073 069 069 078 074 074 078 095 123 105 113 105 115 121 122 098 071 079 087 108 093 065 070 059 011 011 030 039 027 010 010 037 013 021 018 037 036 018 017 255 255 0 
18 07 47.053 045 000 000 006 022 033 024 021 045 007 015 021 035 023 003 005 066 034 042 063 079 060 035 032 080 071 062 084 088 075 074 089 100 127 121 119 114 115 118 119 104 085 092 097 116 112 082 081 051 022 018 064 062 091 024 019 033 002 007 044 042 058 009 010 255 255 0 
18 07 47.153 002 000 000 002 032 043 000 001 037 010 017 041 048 038 009 005 028 011 017 065 060 055 010 012 061 056 066 113 116 096 063 065 107 145 135 135 094 121 138 140 100 076 085 108 100 104 061 072 042 010 008 092 071 082 006 009 027 002 002 066 039 065 005 006 255 255 0 
18 07 47.153 036 002 048 089 082 064 002 001 028 006 013 070 061 041 006 006 029 010 021 082 079 070 014 018 081 084 092 140 152 125 083 085 110 121 116 130 098 110 112 112 095 088 095 118 099 105 083 083 016 001 035 102 147 117 000 001 014 003 026 080 059 093 011 002 255 255 0 
18 07 47.265 019 001 060 103 146 122 000 000 029 001 045 081 060 087 000 000 032 009 033 077 079 096 002 007 083 090 100 138 142 148 066 066 152 119 125 154 123 150 172 164 016 005 013 067 046 083 023 005 015 037 014 093 099 119 043 004 018 001 016 080 062 049 001 000 255 255 0 
18 07 47.265 036 013 005 088 069 016 006 188 049 033 011 077 051 026 002 011 034 027 027 066 057 023 025 103 060 031 028 103 104 071 083 213 152 109 110 159 144 128 126 018 097 084 100 089 087 094 058 036 066 076 100 107 062 109 060 231 112 042 067 121 053 117 019 100 255 255 0 
18 07 47.360 038 071 067 106 148 126 052 128 089 084 111 128 132 130 079 061 028 024 000 042 054 079 034 057 061 075 030 114 139 138 118 192 144 147 114 148 163 158 114 139 061 018 000 044 053 089 054 006 002 021 001 054 083 085 040 012 056 031 000 055 161 121 029 054 255 255 0 
18 07 47.360 052 025 046 076 133 074 003 034 079 029 103 091 142 086 000 003 051 023 046 063 056 055 042 050 047 038 055 067 106 085 045 029 117 178 159 169 188 141 093 072 073 070 081 070 058 072 027 027 007 024 055 072 050 070 038 078 091 083 119 142 153 128 055 116 255 255 0 
18 07 47.476 073 000 031 064 091 034 020 078 086 049 010 066 122 093 061 103 089 044 057 024 046 069 107 104 084 040 074 026 071 078 053 083 117 117 112 103 173 133 112 161 108 029 051 073 074 059 053 054 060 022 042 017 047 043 022 068 080 067 083 098 136 093 098 148 255 255 0 
18 07 47.476 051 022 033 040 070 045 033 082 084 040 064 035 121 095 036 114 108 036 064 047 053 078 029 059 051 028 037 047 064 066 047 089 110 098 101 125 156 130 099 168 141 035 096 048 043 027 009 055 085 017 056 044 052 025 017 053 092 043 079 080 094 042 033 130 255 255 0 
18 07 47.571 084 021 063 021 058 036 028 068 112 037 106 047 132 101 031 128 156 045 115 062 068 049 014 059 086 022 068 051 054 040 023 067 111 090 114 128 158 126 134 194 169 071 140 103 068 099 018 078 104 017 075 044 033 061 020 049 078 030 078 054 042 083 030 117 255 255 0 
18 07 47.571 096 016 069 030 039 057 020 067 103 031 097 022 069 097 032 128 151 037 118 024 045 082 014 089 103 019 073 000 034 051 017 048 113 091 107 097 127 119 108 156 146 052 123 036 112 106 028 108 123 016 082 016 035 061 017 046 084 032 070 023 066 078 031 097 255 255 0 
18 07 47.684 103 013 075 009 041 070 014 063 117 078 106 061 121 121 070 154 150 033 117 015 097 121 016 094 122 017 079 010 040 077 021 053 119 100 106 098 115 121 105 151 142 060 123 039 125 139 047 132 144 022 098 013 045 094 017 050 102 064 085 065 065 097 062 096 255 255 0 
18 07 47.684 104 014 082 023 049 082 021 065 097 070 100 075 110 123 085 147 138 058 125 051 118 145 039 127 142 025 091 031 053 096 027 063 116 089 093 093 098 115 098 128 122 056 109 044 122 137 047 141 155 030 107 020 050 101 021 066 104 051 082 057 059 094 058 084 255 255 0 
18 07 47.684 117 014 088 016 040 086 014 066 079 018 072 021 064 090 021 101 121 028 107 026 108 132 025 132 163 058 112 051 055 108 046 083 104 072 087 083 073 103 087 111 117 056 099 052 123 135 055 151 157 025 110 016 061 113 011 075 118 049 080 057 058 092 055 083 255 255 0 
18 07 47.783 126 015 087 018 041 089 014 075 080 017 036 017 048 080 020 087 109 026 052 025 100 123 023 139 153 022 046 021 058 104 012 076 123 078 059 082 061 095 063 093 104 040 058 025 092 116 036 134 150 021 044 026 089 123 012 096 132 059 058 066 058 098 060 080 255 255 0 
18 07 47.783 123 012 000 025 047 094 010 074 086 047 047 063 068 089 053 091 095 037 021 058 107 119 029 133 148 021 002 034 073 118 013 093 140 086 081 088 061 102 083 095 093 031 021 051 081 103 036 113 135 026 003 040 106 130 017 112 143 052 040 055 060 102 053 073 255 255 0 
18 07 47.896 119 021 000 030 082 112 009 082 091 015 005 034 050 082 032 066 080 016 000 037 090 105 023 117 141 027 006 045 109 129 017 107 156 103 108 102 078 100 106 101 085 016 008 039 069 082 025 088 114 021 000 042 109 106 015 125 164 074 067 077 071 096 073 093 255 255 0 
18 07 47.896 119 015 023 043 091 068 006 096 106 011 021 027 047 028 013 055 089 037 042 061 089 071 078 133 131 017 080 055 109 043 010 119 177 095 106 091 073 091 091 098 086 010 057 044 056 024 009 066 102 013 087 059 116 033 009 118 167 075 120 085 100 074 066 098 255 255 0 
18 07 47.991 108 018 093 057 102 028 010 103 129 015 080 041 049 022 012 048 076 010 060 044 064 022 012 077 108 019 093 061 116 028 013 126 179 097 123 096 089 081 085 110 099 012 066 042 052 021 011 059 094 018 082 054 106 030 016 119 162 061 124 084 111 066 055 114 255 255 0 
18 07 47.991 105 017 089 051 108 028 011 111 146 017 091 032 042 018 011 053 089 012 060 047 061 025 014 065 096 016 080 052 110 035 015 128 166 073 121 080 099 083 092 124 107 013 071 046 054 024 009 049 084 018 074 052 091 033 018 110 165 101 138 108 146 104 082 144 255 255 0 
18 07 48.107 098 016 082 003 093 030 012 105 143 025 103 044 067 029 009 059 095 021 071 055 060 029 020 055 090 011 074 049 092 033 012 113 161 080 128 096 129 082 074 132 121 006 076 041 049 016 006 045 085 011 070 047 078 051 012 096 136 051 119 085 135 116 052 141 255 255 0 
18 07 48.107 101 014 078 054 098 087 017 099 148 021 111 058 089 100 013 078 115 008 070 011 042 065 007 045 088 010 066 006 072 083 014 102 157 084 129 084 136 140 078 147 144 020 091 048 048 082 019 057 084 008 064 042 062 081 010 076 121 048 105 078 136 134 047 136 255 255 0 
18 07 48.203 095 012 071 050 080 089 015 088 138 021 111 060 104 119 013 099 130 007 083 042 048 076 007 044 084 008 064 044 065 081 011 081 138 089 125 108 148 087 074 155 151 034 106 057 054 054 026 062 091 005 067 041 053 051 008 058 115 075 108 100 144 118 074 154 255 255 0 
18 07 48.203 094 009 068 046 072 042 010 070 127 017 105 054 114 094 012 099 142 007 095 035 045 064 005 031 087 007 067 042 055 066 008 046 126 083 116 104 146 135 082 146 152 037 121 065 086 112 036 075 097 005 072 037 055 078 009 042 099 062 100 089 123 127 069 145 255 255 0 
18 07 48.316 095 006 074 043 060 085 008 060 112 013 103 059 116 130 013 119 156 008 104 040 054 108 004 060 100 005 066 039 059 087 020 067 119 078 107 098 136 135 079 159 163 048 121 076 111 140 048 104 113 004 075 040 045 086 005 046 094 046 085 076 100 116 053 126 255 255 0 
18 07 48.316 109 005 073 037 055 053 008 056 110 043 101 067 123 106 042 136 147 009 110 048 077 083 003 073 104 004 070 040 047 051 005 050 100 077 098 093 123 102 080 144 144 044 123 076 122 117 046 127 134 004 085 042 049 067 003 043 090 041 076 067 077 082 030 099 255 255 0 
18 07 48.316 105 008 073 038 055 043 006 059 097 036 087 063 108 083 024 118 146 016 110 052 103 093 009 099 127 008 075 038 054 057 004 050 106 071 090 086 103 096 082 129 135 047 124 089 133 135 047 147 144 000 093 042 045 068 000 045 097 032 071 064 062 072 033 080 255 255 0 
18 07 48.415 107 000 072 040 046 037 000 049 078 002 067 051 078 064 003 097 126 004 105 059 109 093 002 114 137 002 083 042 049 050 002 049 106 089 088 094 097 084 089 117 117 036 105 084 137 114 042 140 150 000 099 045 061 072 000 054 102 026 068 057 059 064 033 068 255 255 0 
18 07 48.415 119 008 079 046 054 066 003 058 076 007 066 047 068 076 010 086 115 010 099 063 122 120 010 125 153 007 100 047 055 078 004 061 118 084 090 088 075 085 088 104 105 036 098 078 127 112 040 133 148 009 110 062 087 080 002 071 109 007 073 043 052 051 018 053 255 255 0 
18 07 48.528 126 005 095 048 043 043 003 066 080 009 064 044 059 046 011 075 099 017 088 066 117 091 020 132 159 043 118 077 094 084 041 090 126 085 093 085 072 074 089 095 097 030 088 071 110 089 034 126 146 003 111 066 105 076 001 091 134 045 093 070 064 056 054 074 255 255 0 
18 07 48.528 123 005 102 052 066 046 000 069 085 000 062 045 058 033 001 057 082 001 073 056 098 068 009 117 154 045 118 081 111 085 031 109 142 092 101 094 072 072 087 098 084 006 073 053 079 071 030 110 134 007 112 064 109 107 002 113 152 059 108 075 061 091 067 084 255 255 0 
18 07 48.624 121 008 101 053 086 097 003 085 097 002 065 034 047 063 002 049 075 004 067 051 086 088 006 106 130 006 106 058 104 115 003 111 160 081 103 091 066 098 081 091 084 009 066 052 065 079 013 081 110 008 096 054 118 124 008 118 167 072 115 082 077 116 069 094 255 255 0 
18 07 48.624 117 012 097 060 103 123 009 099 112 006 073 041 047 083 005 047 080 033 069 069 085 103 041 101 123 011 099 063 119 134 010 122 167 084 117 094 077 119 082 097 089 024 070 066 063 093 033 074 097 006 089 065 113 124 006 122 156 054 125 086 103 130 054 100 255 255 0 
18 07 48.739 106 011 095 066 108 122 007 114 129 008 079 046 055 061 037 064 078 004 056 040 054 050 005 071 105 007 089 050 111 068 006 125 168 072 119 092 099 071 066 100 104 026 070 058 058 045 024 063 093 009 077 062 108 050 009 113 154 061 125 095 135 079 062 120 255 255 0 
18 07 48.739 096 008 083 055 118 041 004 109 150 044 105 067 074 046 039 075 087 005 061 042 052 027 005 057 087 009 077 055 115 042 009 118 171 097 133 110 135 098 086 126 114 024 072 051 055 044 031 064 081 010 069 051 086 039 010 103 147 053 119 080 127 064 041 124 255 255 0 
18 07 48.835 096 012 079 034 101 039 013 105 142 021 107 033 078 035 013 069 102 004 066 022 052 025 007 051 086 008 069 052 097 037 012 111 169 098 133 112 149 107 092 150 139 034 087 061 060 046 034 057 081 006 067 047 073 034 008 082 125 049 113 077 139 066 045 145 255 255 0 
18 07 48.835 093 016 072 050 090 042 017 094 147 025 107 058 108 043 018 084 117 010 070 042 050 021 008 036 082 013 067 041 071 038 014 092 152 092 133 115 157 109 085 162 145 035 100 057 055 044 033 061 085 009 064 042 058 031 011 067 114 047 107 080 136 072 045 142 255 255 0 
18 07 48.949 097 010 069 049 075 037 010 081 144 056 120 080 131 078 056 123 137 014 087 044 054 027 007 043 082 011 065 043 064 033 012 078 141 106 129 119 172 116 098 168 149 025 107 061 074 035 029 070 093 005 065 043 055 029 007 060 108 066 102 094 144 092 071 152 255 255 0 
18 07 48.949 093 008 064 042 064 033 007 067 134 066 119 093 151 093 062 136 148 027 104 049 056 037 027 053 085 008 062 040 051 029 010 056 108 074 105 095 152 097 077 140 144 016 108 049 086 050 013 056 092 007 070 043 052 028 008 036 093 066 094 097 124 093 082 124 255 255 0 
18 07 49.044 093 004 068 043 056 030 005 000 101 047 108 079 142 092 048 045 124 006 109 044 076 031 000 000 070 001 065 036 055 027 000 000 083 070 102 103 143 105 078 069 121 028 117 077 125 061 028 025 087 002 074 041 049 021 004 000 072 064 086 093 110 089 080 076 255 255 0 
18 07 49.044 080 007 070 047 061 025 007 004 097 078 111 105 142 100 078 076 122 011 114 058 097 030 004 000 078 008 071 046 055 026 008 008 082 087 100 104 122 105 095 139 124 035 118 076 129 053 034 090 119 007 089 042 050 017 004 029 097 082 092 090 093 087 078 078 255 255 0 
18 07 49.157 093 010 074 044 053 023 010 000 079 056 090 081 111 077 054 041 107 018 109 067 117 034 009 002 093 009 076 046 056 020 006 000 079 092 093 100 108 105 099 088 099 046 116 092 143 065 042 037 113 009 097 033 047 019 005 000 077 070 086 085 079 080 074 070 255 255 0 
18 07 49.157 092 007 084 042 051 019 006 000 078 081 096 093 110 098 087 080 096 021 112 054 127 040 019 010 103 008 090 039 054 019 005 000 078 079 092 089 082 087 082 077 093 047 110 092 142 067 044 042 114 004 109 058 080 018 000 000 076 044 081 062 066 055 050 048 255 255 0 
18 07 49.157 093 005 088 041 049 016 003 028 078 065 084 079 089 078 069 097 092 016 096 054 128 038 012 103 137 008 096 031 068 018 003 041 103 073 083 083 070 078 077 087 100 050 092 074 122 065 052 108 133 014 110 043 096 025 003 032 096 054 090 065 057 057 053 059 255 255 0 
18 07 49.257 106 005 097 046 061 014 005 010 082 079 092 086 081 087 088 080 073 018 090 070 124 043 018 008 097 002 106 058 093 025 000 000 072 075 090 077 066 076 074 072 074 073 097 102 128 101 085 084 103 000 105 051 114 034 000 000 090 069 100 079 068 075 073 078 255 255 0 
18 07 49.257 095 001 098 055 086 025 001 024 080 072 080 073 064 071 069 071 067 011 072 056 092 039 015 017 107 013 105 059 111 032 005 000 106 075 097 079 069 083 084 085 088 079 097 099 105 099 086 089 102 000 104 055 122 035 000 000 120 063 111 082 069 068 078 083 255 255 0 
18 07 49.374 097 000 097 055 106 034 000 000 081 047 082 064 055 054 050 049 054 000 064 042 075 037 000 003 093 000 098 049 112 036 000 000 112 071 106 077 068 071 075 072 080 075 088 086 089 087 076 078 087 000 093 049 118 043 000 002 130 080 121 092 099 079 076 079 255 255 0 
18 07 49.374 089 000 090 038 110 034 000 000 088 038 083 046 058 048 042 039 054 000 056 000 051 030 000 001 074 000 087 000 104 037 000 002 097 075 113 085 085 072 072 070 070 070 086 088 070 082 084 076 067 011 086 057 109 043 011 002 099 098 136 104 125 097 093 094 255 255 0 
