09 55 12.587 038 032 042 035 038 032 032 033 038 031 041 032 031 027 031 027 041 038 049 046 043 034 040 039 035 043 040 044 044 034 045 039 039 045 050 059 058 044 047 049 028 035 040 056 048 037 037 046 035 046 042 047 050 058 049 078 055 059 049 050 057 075 062 061 255 255 0 
09 55 12.587 039 032 042 036 038 033 033 033 038 029 040 032 032 027 032 027 042 039 048 047 044 034 042 038 036 043 043 047 046 035 046 040 039 043 049 058 056 042 046 048 027 032 038 056 045 034 034 043 035 047 044 049 052 058 051 074 055 059 048 050 057 075 060 061 255 255 0 
09 55 12.703 037 032 042 035 039 032 032 034 041 031 043 032 033 026 032 029 044 040 050 046 044 034 040 039 038 044 042 046 046 035 046 040 038 043 049 057 057 043 046 050 026 032 036 054 045 035 033 044 035 046 043 048 051 058 050 076 054 060 050 050 056 076 062 059 255 255 0 
09 55 12.703 040 032 042 036 039 031 034 033 040 030 040 031 032 025 031 028 042 039 047 044 042 033 039 039 037 044 042 045 044 033 045 038 036 043 048 055 055 041 045 047 025 031 035 053 043 033 034 041 034 048 043 046 048 057 047 072 053 058 049 049 055 076 059 059 255 255 0 
09 55 12.832 038 032 042 035 038 028 031 033 042 031 041 031 031 025 030 026 041 037 047 045 042 033 038 039 037 045 043 046 045 034 044 040 036 044 049 057 055 042 046 047 025 032 035 053 044 033 033 042 035 046 042 044 047 055 047 069 053 060 049 051 055 080 062 061 255 255 0 
09 55 12.832 041 032 043 037 043 029 034 033 041 031 044 033 034 026 034 030 044 040 050 048 047 036 041 043 039 045 043 047 046 036 045 041 038 045 050 059 056 044 045 050 026 030 035 055 044 036 034 043 033 047 043 045 046 056 049 070 054 059 049 051 054 079 062 058 255 255 0 
09 55 12.832 040 031 043 036 047 028 033 032 042 031 043 032 037 027 034 029 043 039 049 046 045 035 042 040 039 047 044 046 045 035 047 041 038 047 051 059 055 045 046 049 028 031 036 053 039 034 034 044 034 048 043 047 046 058 049 070 055 059 049 050 053 077 060 058 255 255 0 
09 55 12.941 042 035 043 036 049 026 032 032 042 031 042 032 039 026 034 028 043 039 048 045 047 034 041 042 038 044 043 047 043 037 046 041 038 045 050 057 052 044 044 049 027 034 040 059 040 037 033 045 034 049 041 047 046 058 048 074 057 059 048 048 052 076 059 058 255 255 0 
09 55 12.941 042 033 042 035 049 027 031 033 042 032 043 031 037 026 033 027 045 042 049 048 048 035 042 041 037 043 041 041 044 034 045 039 038 042 048 055 049 042 047 047 026 033 037 055 040 034 035 042 034 047 041 045 045 058 051 074 053 058 048 048 052 076 059 057 255 255 0 
09 55 13.043 041 032 043 037 047 028 032 034 041 030 042 031 036 024 032 028 043 038 049 046 047 035 042 041 038 044 041 045 044 036 047 040 038 045 049 059 052 043 045 049 026 031 037 054 041 035 033 043 036 047 044 048 049 058 051 072 055 061 050 048 056 078 061 059 255 255 0 
09 55 13.043 040 031 041 034 048 030 031 035 042 035 044 032 039 026 031 030 043 039 051 044 049 033 043 039 036 041 040 046 042 035 044 040 039 042 049 059 051 043 046 049 026 031 037 054 039 035 033 043 035 048 044 047 046 061 050 074 051 057 046 050 053 078 060 058 255 255 0 
09 55 13.139 038 031 040 035 047 027 033 030 040 032 042 030 035 025 032 026 044 037 047 044 043 032 039 038 037 045 043 046 043 035 046 041 039 045 051 060 052 044 047 050 025 030 034 052 038 033 032 042 033 049 045 048 046 059 051 074 052 059 048 049 053 076 060 057 255 255 0 
09 55 13.139 039 032 042 035 046 028 031 031 039 030 042 032 038 028 034 030 041 036 048 045 046 033 039 041 036 044 042 046 044 035 046 040 038 043 047 058 050 041 044 048 024 030 034 051 036 035 033 043 035 049 043 047 047 059 050 076 051 060 048 050 055 077 062 058 255 255 0 
09 55 13.246 038 033 042 036 051 028 032 034 043 033 043 034 038 026 033 029 043 039 048 045 045 033 039 039 036 044 042 048 044 036 047 041 039 045 049 062 050 043 047 048 025 032 037 054 035 035 034 043 034 048 043 048 045 058 049 073 054 060 047 050 055 076 060 058 255 255 0 
09 55 13.246 038 034 043 038 055 027 032 033 043 032 041 030 040 027 029 030 043 035 045 043 044 034 041 039 033 040 042 048 040 035 043 038 039 044 046 059 048 041 045 050 026 032 037 053 037 035 032 043 032 048 042 047 046 058 047 073 051 058 048 050 054 076 061 059 255 255 0 
09 55 13.329 039 033 042 038 054 030 034 035 038 031 041 031 039 026 032 029 043 039 049 045 045 034 039 040 035 045 043 048 045 037 048 042 037 044 048 059 049 044 046 049 025 030 037 055 036 035 034 043 034 048 042 049 046 060 050 076 050 060 048 051 055 076 059 057 255 255 0 
09 55 13.329 041 034 044 038 054 028 033 036 041 032 042 032 040 026 032 030 042 039 048 046 045 034 040 037 036 044 045 049 045 037 046 041 037 042 047 059 048 042 045 047 024 030 035 054 035 034 032 042 038 049 043 048 046 058 050 073 052 059 048 051 053 074 059 057 255 255 0 
09 55 13.418 040 033 043 037 052 028 033 035 038 033 042 032 038 026 031 028 043 039 049 047 046 034 041 040 039 046 046 049 045 036 048 043 036 045 048 062 050 045 047 050 026 032 036 053 037 036 035 044 036 049 043 048 046 058 050 076 052 058 048 050 054 076 060 056 255 255 0 
09 55 13.418 039 032 042 038 052 029 033 034 040 031 041 032 040 025 032 029 044 039 048 045 046 034 040 039 040 047 045 049 044 036 047 039 035 044 049 060 050 041 046 046 025 030 036 050 036 033 030 043 034 048 045 049 044 057 046 073 054 060 050 051 055 077 060 058 255 255 0 
09 55 13.528 042 033 044 037 055 028 032 033 040 030 041 031 040 027 032 030 045 039 049 048 048 034 042 040 040 047 045 050 045 036 047 042 037 044 048 057 050 042 044 048 026 030 036 050 033 032 033 040 037 048 044 047 049 060 049 075 055 060 049 050 055 077 060 057 255 255 0 
09 55 13.528 040 032 044 037 052 028 032 033 041 031 044 033 034 024 033 028 041 037 047 044 042 032 040 039 036 045 042 048 043 035 046 039 038 043 048 058 047 039 044 048 024 031 033 051 035 032 031 041 035 048 042 048 048 058 051 074 054 058 046 048 057 075 060 056 255 255 0 
09 55 13.615 039 032 042 036 047 026 031 031 042 033 044 033 037 025 032 026 044 039 049 046 046 034 041 039 037 045 042 047 042 035 045 039 037 043 048 061 051 043 047 048 027 031 036 051 037 033 032 040 036 048 044 048 049 059 050 074 055 060 047 050 058 077 061 058 255 255 0 
09 55 13.615 040 032 044 039 048 028 033 033 041 030 041 032 035 023 034 030 042 039 049 046 047 034 041 040 039 045 044 048 045 036 047 042 039 044 049 061 052 043 048 049 027 034 036 055 037 035 032 042 036 048 044 050 047 059 050 076 054 059 047 052 053 078 060 058 255 255 0 
09 55 13.741 040 034 043 040 051 029 033 033 040 033 045 034 038 027 033 029 041 038 051 049 047 034 042 039 037 048 046 049 045 038 047 042 041 047 049 061 051 044 047 048 027 032 037 050 035 034 032 042 037 049 043 046 046 058 049 074 058 059 047 047 056 076 060 057 255 255 0 
09 55 13.741 038 033 043 038 051 029 032 033 036 031 040 034 036 025 031 027 039 040 050 048 044 035 041 039 036 046 042 048 044 035 047 041 039 042 050 059 049 042 045 047 025 031 036 046 033 032 032 040 034 048 044 047 048 057 050 072 058 059 050 051 061 079 061 057 255 255 0 
09 55 13.741 039 032 043 039 047 028 034 033 037 032 042 034 040 026 031 027 041 039 049 047 045 034 042 038 035 044 041 047 042 035 047 041 039 044 050 059 048 043 047 049 027 031 035 048 031 032 033 039 038 047 043 045 044 056 049 070 062 061 050 049 059 076 061 055 255 255 0 
09 55 13.847 038 034 043 040 042 029 034 033 035 029 041 033 032 024 031 028 041 040 049 048 041 033 041 038 035 044 042 048 042 036 047 040 038 047 051 061 051 044 048 050 029 033 038 051 036 034 034 041 037 049 046 046 052 062 051 079 060 062 049 050 062 077 063 057 255 255 0 
09 55 13.847 038 035 044 038 038 029 035 035 037 032 041 034 029 025 033 031 044 041 051 050 043 036 043 044 032 046 042 049 043 038 047 042 038 045 050 060 052 046 048 055 027 032 038 049 038 034 035 041 039 049 046 049 056 062 052 077 057 058 050 052 066 074 062 055 255 255 0 
09 55 13.979 037 036 043 038 039 030 036 035 033 029 038 031 028 024 033 028 041 041 050 050 043 035 042 042 035 044 041 046 043 035 047 040 038 044 050 059 053 044 047 052 029 033 040 054 039 035 034 041 039 050 046 050 051 060 051 077 060 060 051 051 057 078 062 057 255 255 0 
09 55 13.979 039 036 045 042 051 030 036 036 035 029 039 033 035 025 032 028 040 042 050 052 049 036 043 042 037 047 042 050 045 035 048 041 038 045 049 057 049 044 047 049 027 033 038 051 036 035 034 040 038 049 044 047 046 062 052 078 060 061 050 050 057 078 063 057 255 255 0 
09 55 14.078 039 036 046 042 052 031 036 037 035 032 041 033 035 026 031 030 041 040 049 052 044 036 043 042 038 047 045 052 046 037 048 042 039 045 049 058 052 044 049 053 028 034 038 050 039 036 035 042 041 052 047 049 053 063 054 079 062 061 050 049 062 078 059 059 255 255 0 
09 55 14.078 041 035 044 042 043 030 037 037 039 030 040 034 032 026 033 029 042 042 050 052 044 036 044 042 037 047 046 052 047 038 049 042 040 048 052 060 055 044 048 052 027 032 039 050 040 034 034 042 040 051 047 050 054 062 053 077 060 062 052 051 064 078 064 059 255 255 0 
09 55 14.167 039 035 045 042 041 030 037 036 036 032 040 034 031 026 033 030 042 041 051 050 044 035 042 042 038 046 044 050 049 037 047 042 036 043 049 060 061 045 048 051 026 031 037 049 045 034 033 040 042 052 047 050 055 065 054 078 058 059 050 047 054 079 061 059 255 255 0 
09 55 14.167 039 033 043 040 039 028 032 035 036 031 041 036 033 026 033 030 044 044 053 056 052 038 047 046 040 047 047 053 054 039 051 044 035 044 051 061 066 046 047 053 026 031 035 048 044 034 033 043 040 052 048 049 053 064 053 078 058 061 050 049 054 079 062 062 255 255 0 
09 55 14.248 036 034 041 039 044 028 034 036 033 029 040 034 033 026 032 029 043 041 051 055 053 038 043 046 040 047 047 052 052 037 049 041 036 042 051 059 064 043 046 051 023 031 035 045 042 032 032 038 038 052 048 051 052 063 053 075 057 059 049 047 050 075 059 057 255 255 0 
09 55 14.248 037 033 040 038 040 027 031 032 035 031 040 033 033 025 032 029 043 043 052 053 050 038 043 044 042 047 046 054 053 038 051 044 037 042 048 058 062 043 045 049 026 031 037 048 044 031 031 039 039 051 044 047 050 063 052 076 058 060 048 047 050 077 060 057 255 255 0 
09 55 14.352 039 032 041 039 043 028 033 031 036 030 038 033 030 024 031 026 045 043 051 052 048 036 043 044 039 048 046 052 049 037 048 040 036 041 046 057 057 041 045 048 026 032 036 047 042 031 033 039 039 049 044 046 052 060 051 073 058 059 048 046 055 076 060 055 255 255 0 
09 55 14.352 038 031 039 037 036 026 031 029 036 030 042 033 031 022 032 027 043 039 050 051 046 037 043 044 041 048 047 054 049 037 049 042 038 044 048 058 056 043 046 050 026 033 036 049 044 035 033 042 037 050 045 047 054 061 052 076 057 058 048 048 059 077 060 057 255 255 0 
09 55 14.464 035 032 040 038 036 027 033 034 037 031 040 033 030 024 032 029 041 042 050 052 046 036 042 045 037 046 046 052 045 037 047 041 036 042 049 058 054 042 045 049 025 031 037 051 040 034 034 041 040 049 046 049 054 062 051 076 058 059 050 048 059 077 060 056 255 255 0 
09 55 14.464 037 033 038 036 036 029 033 032 035 033 039 034 032 025 033 029 040 040 049 052 046 036 043 043 038 047 045 053 047 038 049 041 037 044 048 056 054 041 044 050 024 033 039 055 044 034 033 043 040 051 045 049 056 063 051 076 056 059 050 048 059 077 059 061 255 255 0 
09 55 14.554 036 033 041 038 035 029 034 032 040 033 043 035 032 026 034 028 043 042 052 056 047 038 044 048 037 046 045 053 049 038 049 045 036 045 049 059 056 044 047 051 024 030 034 048 040 032 032 039 039 049 045 049 053 062 051 075 058 057 049 048 057 077 060 059 255 255 0 
09 55 14.554 038 034 042 037 037 028 035 033 039 032 041 032 031 027 034 030 042 042 050 052 046 038 045 044 040 049 047 053 048 038 050 043 037 045 050 062 057 045 048 050 025 030 034 047 038 032 030 039 043 053 047 049 055 063 053 077 059 058 049 049 058 076 060 057 255 255 0 
09 55 14.661 039 033 040 037 038 030 033 037 038 034 043 033 035 028 036 032 045 042 052 051 048 037 042 045 038 048 047 054 050 038 050 045 040 045 050 059 059 044 049 053 026 030 036 048 041 033 032 039 042 051 047 050 054 063 053 076 062 058 049 047 053 073 060 059 255 255 0 
09 55 14.661 035 034 042 039 047 030 035 034 035 032 040 033 033 026 034 025 038 036 046 049 047 033 039 041 038 046 046 053 050 036 048 041 037 045 050 060 051 043 045 048 027 031 036 049 036 033 031 037 041 051 046 047 048 061 053 072 060 057 047 045 051 072 059 055 255 255 0 
09 55 14.745 033 032 040 037 043 027 032 033 032 030 039 034 032 027 034 030 039 041 049 051 044 036 039 042 035 043 043 049 045 035 046 043 034 042 046 056 051 040 043 048 024 030 034 045 038 031 031 037 043 053 047 050 056 062 056 075 059 059 046 047 057 072 060 056 255 255 0 
09 55 14.745 033 029 037 034 033 026 028 032 032 028 040 032 028 024 030 027 042 042 051 056 044 036 044 044 038 044 044 052 044 035 047 040 036 038 048 060 051 041 046 048 025 030 035 044 036 031 033 037 042 054 047 051 057 063 055 074 059 060 049 047 064 075 062 057 255 255 0 
09 55 14.846 035 028 040 034 033 030 033 032 034 029 042 034 029 025 032 028 041 040 049 053 044 035 041 043 037 045 043 050 042 034 046 037 035 044 049 061 053 043 047 049 025 031 035 048 040 032 033 039 042 054 050 052 059 063 054 076 060 059 049 047 063 075 060 054 255 255 0 
09 55 14.846 034 030 039 035 031 024 028 030 033 030 039 033 027 024 031 027 039 040 049 054 044 036 043 043 035 045 040 049 042 034 045 039 038 043 049 060 052 042 045 052 027 031 037 051 040 033 033 039 043 057 049 052 058 066 056 077 058 057 047 046 061 074 060 055 255 255 0 
09 55 14.950 035 031 039 037 034 028 031 033 036 030 042 034 029 025 032 028 041 042 053 057 044 038 044 048 039 045 044 052 043 036 047 041 035 042 047 059 051 041 045 048 025 029 036 047 035 033 033 039 045 058 052 054 057 066 058 079 060 060 050 048 057 073 059 055 255 255 0 
09 55 14.950 036 033 043 036 046 030 032 035 033 029 039 032 032 024 030 029 042 042 053 055 051 040 045 048 038 047 046 052 046 038 046 042 037 043 048 057 053 042 044 048 025 031 034 046 038 032 031 039 043 056 051 055 054 068 059 080 062 061 048 049 053 072 059 054 255 255 0 
09 55 15.049 038 031 043 038 048 029 035 036 033 027 038 032 035 025 032 027 040 041 050 054 050 038 044 047 038 046 045 053 046 038 048 042 037 042 047 055 049 040 045 045 024 029 034 045 036 031 029 038 044 056 051 053 055 067 060 079 061 059 049 047 053 075 060 054 255 255 0 
09 55 15.049 035 033 048 043 050 031 035 035 036 031 039 032 034 024 032 025 045 041 054 056 052 037 043 046 036 044 043 052 048 034 046 038 040 043 046 056 052 041 047 049 026 030 034 050 039 035 031 041 042 056 052 055 055 067 056 081 062 058 050 048 050 074 062 055 255 255 0 
09 55 15.132 043 035 048 041 047 034 038 039 032 029 040 036 034 023 036 026 037 041 051 054 049 038 042 045 035 047 044 051 049 037 046 042 035 042 047 056 054 041 046 048 023 028 033 047 040 031 032 042 045 055 050 052 052 066 056 077 063 060 049 047 049 076 060 056 255 255 0 
09 55 15.132 040 036 045 043 054 032 036 038 035 029 040 032 034 023 031 027 040 041 051 054 051 038 043 045 034 042 043 049 045 035 046 039 034 043 049 060 053 043 047 048 022 027 034 046 037 031 030 040 041 054 047 050 050 065 055 077 062 059 047 045 051 076 060 055 255 255 0 
09 55 15.217 037 037 047 042 052 031 037 039 034 029 037 031 033 024 030 026 040 042 051 053 049 037 042 044 036 044 043 049 045 036 047 040 037 046 051 060 053 045 049 052 025 029 037 049 038 034 032 041 043 053 050 051 049 062 056 075 063 059 049 049 052 076 061 055 255 255 0 
09 55 15.217 037 036 044 040 051 030 035 036 031 029 039 032 035 025 031 028 041 041 053 054 051 037 044 045 037 046 046 050 047 037 048 041 035 045 050 060 054 044 047 052 022 028 034 043 033 032 031 043 040 055 047 049 047 063 057 075 062 058 050 047 050 075 059 054 255 255 0 
09 55 15.314 038 035 045 044 052 030 038 037 032 029 040 034 037 024 031 027 039 042 052 055 051 036 043 044 036 045 045 050 046 036 048 041 041 046 052 060 054 044 048 050 025 029 038 047 038 032 032 041 045 056 050 052 052 064 056 079 065 061 050 048 054 076 061 058 255 255 0 
09 55 15.314 036 036 045 042 052 031 037 037 032 028 039 035 035 025 032 029 041 042 052 055 050 037 045 047 035 044 046 052 049 037 047 041 037 045 050 061 055 044 048 051 025 030 034 046 035 031 029 041 042 055 049 051 051 063 055 074 066 061 051 050 056 078 065 057 255 255 0 
09 55 15.415 039 037 046 041 050 030 036 034 033 030 043 033 037 026 032 027 036 041 051 054 048 035 044 043 035 045 046 053 048 036 047 042 036 045 050 060 055 044 048 050 024 028 037 046 038 032 033 042 042 054 049 051 051 063 055 076 063 060 049 047 054 077 063 057 255 255 0 
09 55 15.415 036 034 043 040 049 030 035 037 031 031 040 032 035 025 031 027 040 043 053 056 051 037 043 044 040 048 048 056 052 038 049 045 041 047 053 062 056 045 049 053 025 031 037 047 037 033 033 040 044 054 048 052 052 063 055 077 067 063 053 049 054 074 063 058 255 255 0 
09 55 15.545 039 034 046 043 052 032 037 036 029 027 034 029 033 025 032 028 037 040 049 051 047 035 043 044 036 046 046 052 047 036 046 040 037 046 050 059 054 043 046 049 029 032 036 047 038 032 032 040 042 055 048 052 053 064 054 079 064 061 050 049 055 077 062 058 255 255 0 
09 55 15.545 040 037 045 044 050 033 039 038 031 029 038 032 034 024 031 029 041 040 050 054 049 037 044 047 040 047 047 052 047 036 046 039 039 045 053 058 055 044 050 048 025 031 035 047 040 032 034 042 043 055 051 055 056 066 057 080 066 064 053 053 060 079 066 059 255 255 0 
09 55 15.652 041 040 049 045 051 036 039 039 033 031 039 034 036 027 035 029 042 044 054 056 050 038 047 044 036 045 045 048 048 036 047 039 036 045 049 057 053 043 050 048 026 032 037 048 040 035 036 046 041 052 048 052 057 061 054 077 065 063 053 052 064 078 065 061 255 255 0 
09 55 15.652 042 038 046 043 049 037 038 038 036 033 042 035 037 029 034 031 043 045 053 056 053 039 048 045 039 047 044 050 048 036 049 041 039 045 050 059 055 044 048 050 026 030 034 047 040 034 036 046 040 050 047 050 050 057 052 072 063 063 054 052 058 077 064 060 255 255 0 
09 55 15.652 040 038 046 043 048 042 037 039 036 030 037 034 033 025 032 028 040 040 051 053 047 035 043 040 038 046 044 049 046 035 047 041 040 047 050 057 054 043 050 048 026 030 035 045 040 035 034 044 043 049 048 052 052 062 053 077 062 061 054 053 059 077 064 059 255 255 0 
09 55 15.745 040 036 044 041 041 033 035 036 032 028 035 028 029 023 031 028 041 040 050 050 047 034 044 042 042 048 046 052 050 039 052 044 040 048 052 057 054 043 049 050 023 027 033 042 037 031 031 044 041 050 049 052 054 063 052 076 063 062 056 054 061 079 064 062 255 255 0 
09 55 15.745 042 037 046 044 048 031 036 039 030 028 035 030 032 024 033 029 039 042 045 047 048 036 047 043 039 047 044 051 048 036 048 039 038 046 050 060 054 043 052 048 027 033 038 047 041 034 037 046 039 050 049 050 050 058 051 069 064 062 055 054 060 078 064 061 255 255 0 
09 55 15.879 041 034 044 040 045 031 037 037 037 030 035 033 035 025 034 028 047 047 054 055 052 039 050 045 038 047 043 050 047 036 049 041 042 052 054 060 057 045 052 051 026 031 033 043 037 032 032 039 039 049 047 049 052 059 052 075 063 061 052 050 057 077 063 058 255 255 0 
09 55 15.879 043 035 044 040 045 031 036 036 038 031 037 032 033 025 033 029 047 046 054 053 049 037 045 043 035 045 042 049 048 037 047 040 041 048 053 057 056 044 050 049 026 033 035 046 041 032 035 043 040 052 049 054 058 064 054 080 063 061 053 053 063 078 064 062 255 255 0 
09 55 15.978 041 037 045 040 044 031 036 036 035 030 037 031 032 025 032 029 049 046 055 054 052 039 049 045 037 046 042 048 047 036 047 039 040 050 050 057 057 044 051 049 027 031 034 049 041 032 035 044 039 051 049 052 054 061 053 078 062 062 052 052 058 077 065 059 255 255 0 
09 55 15.978 042 036 045 037 047 030 035 037 035 031 040 032 034 025 033 029 046 046 053 058 050 038 049 046 037 046 043 051 047 036 049 041 040 048 051 057 053 044 051 051 025 031 035 045 037 032 032 039 038 051 048 053 053 062 053 080 061 061 051 053 060 077 062 059 255 255 0 
09 55 16.063 040 034 046 040 050 032 037 039 036 033 040 032 035 026 034 030 046 044 052 052 049 037 047 048 037 048 046 052 049 038 049 045 038 046 050 056 052 044 050 052 024 030 035 043 036 033 033 040 039 050 046 052 052 061 052 076 061 058 051 049 059 075 061 056 255 255 0 
09 55 16.063 042 035 044 040 047 032 035 036 034 029 038 033 036 026 035 030 042 044 053 054 051 038 047 046 039 048 047 054 050 038 049 044 040 049 052 062 057 046 053 053 029 034 036 045 039 034 032 043 042 054 050 054 056 064 055 079 062 059 048 053 060 075 062 058 255 255 0 
09 55 16.144 042 036 045 040 046 034 038 038 041 035 040 035 037 029 034 032 046 045 053 052 048 037 047 044 036 048 045 053 049 038 048 045 042 049 051 059 056 046 052 052 026 029 035 044 037 032 033 041 040 050 047 052 054 062 054 078 059 060 050 050 058 074 061 058 255 255 0 
09 55 16.144 042 035 044 040 047 032 035 035 039 031 041 034 037 027 035 030 045 043 052 054 049 037 045 042 037 045 044 051 048 035 046 040 038 045 049 058 053 043 049 049 024 029 032 042 036 030 030 041 038 051 046 052 053 061 051 077 061 060 046 048 057 075 060 056 255 255 0 
09 55 16.253 039 033 043 038 045 030 036 033 035 031 037 031 034 026 033 030 043 045 053 053 051 037 047 044 038 047 044 051 047 035 046 040 040 047 050 061 056 043 050 050 025 031 036 045 038 034 033 045 041 051 048 050 053 060 053 076 059 059 051 048 059 072 061 056 255 255 0 
09 55 16.253 043 035 044 038 045 030 035 034 033 026 036 030 034 025 030 028 041 042 048 051 047 036 044 040 036 046 045 052 047 035 046 041 041 050 053 064 058 046 053 054 027 031 036 045 039 034 033 044 040 050 049 050 055 060 054 073 062 061 050 050 059 073 061 057 255 255 0 
09 55 16.359 044 039 046 042 046 032 039 036 033 029 037 033 031 024 031 028 044 046 054 055 050 037 047 043 036 044 044 051 047 036 048 040 039 046 050 060 055 044 050 050 024 029 034 042 039 033 032 044 038 051 048 050 053 061 052 076 059 057 047 047 056 070 057 055 255 255 0 
09 55 16.359 043 035 045 041 044 033 035 035 035 028 035 030 030 023 030 028 046 044 055 054 049 038 046 045 037 044 042 049 044 035 046 039 041 046 050 059 056 044 048 051 028 032 035 044 039 035 034 047 040 051 048 051 053 061 050 076 060 059 050 049 057 072 058 057 255 255 0 
09 55 16.467 042 036 044 041 042 033 034 035 034 027 036 030 030 024 029 028 044 043 051 051 048 037 043 042 036 044 042 048 049 036 048 040 040 048 053 063 057 045 051 051 027 031 035 048 041 035 036 043 038 048 045 048 051 059 051 076 058 057 048 050 059 072 060 058 255 255 0 
09 55 16.467 043 037 045 040 043 035 036 035 034 029 037 031 032 025 031 027 044 044 052 051 047 036 046 042 036 042 042 050 044 035 047 039 040 048 051 062 055 045 052 050 026 031 036 045 039 031 036 043 035 047 044 048 052 059 051 074 060 060 049 049 058 073 061 059 255 255 0 
09 55 16.549 041 036 045 039 041 034 036 034 034 029 036 030 031 024 033 026 045 043 052 050 048 036 045 043 037 044 043 049 045 035 046 040 042 049 052 062 056 044 051 050 028 033 038 049 040 033 037 045 037 048 046 049 054 060 054 075 062 060 052 051 064 073 060 058 255 255 0 
09 55 16.549 044 037 046 039 043 034 037 036 036 030 037 030 030 024 033 027 044 044 052 052 048 037 046 043 038 045 043 048 044 034 047 040 041 048 051 062 057 043 050 050 026 032 038 048 041 033 035 041 037 049 046 049 051 057 049 073 060 060 049 049 060 074 061 058 255 255 0 
