10 34 19.250 091 088 076 077 081 089 092 103 100 063 054 055 056 065 066 061 107 038 035 034 032 037 036 032 052 007 007 007 005 010 007 007 062 017 029 027 024 022 018 017 083 025 033 033 029 023 022 020 044 000 000 000 000 000 000 000 049 013 017 016 016 015 014 013 255 255 0 
10 34 19.250 064 079 068 071 073 079 082 096 077 057 052 053 055 066 059 060 058 039 033 034 033 039 034 031 042 006 009 007 007 009 008 007 058 019 028 025 023 021 021 018 084 028 039 037 034 031 028 024 050 000 000 000 000 000 001 000 047 012 019 017 015 018 015 015 255 255 0 
10 34 19.361 078 078 068 069 070 076 079 091 084 056 047 047 048 057 055 055 090 022 020 023 020 024 021 021 068 009 007 008 008 009 009 006 070 014 028 022 023 021 018 015 091 028 036 034 032 029 025 023 083 000 000 000 000 000 000 000 057 006 009 008 008 010 010 009 255 255 0 
10 34 19.361 087 071 058 059 059 065 069 084 085 060 048 049 053 060 059 058 086 024 022 018 022 023 022 025 076 010 008 007 011 008 006 012 074 021 029 028 024 024 021 017 084 030 045 044 042 043 036 037 089 003 002 001 000 000 000 000 060 012 017 014 011 018 018 018 255 255 0 
10 34 19.446 109 099 087 090 089 093 097 113 088 058 053 055 056 062 067 062 085 029 028 031 033 035 035 033 084 002 000 000 000 000 000 000 061 014 018 019 018 016 016 018 087 041 052 051 049 049 044 040 086 002 004 003 000 000 000 000 059 010 016 016 015 013 009 011 255 255 0 
10 34 19.446 120 104 089 093 093 100 104 116 092 061 057 057 059 063 063 073 081 038 034 036 038 041 042 039 091 015 013 016 010 011 008 009 067 022 028 028 024 023 022 017 090 043 053 054 050 048 042 043 083 003 006 001 002 002 001 000 072 013 022 019 019 019 018 014 255 255 0 
10 34 19.575 126 106 098 097 101 104 106 115 095 083 073 074 071 081 088 075 081 032 036 033 036 040 041 040 085 012 013 017 020 017 018 012 076 021 027 026 025 023 022 016 080 037 050 047 044 041 039 037 075 001 002 002 002 002 005 005 081 009 014 013 010 012 011 010 255 255 0 
10 34 19.575 115 100 090 091 091 091 096 107 097 076 065 066 066 072 080 072 071 026 026 028 026 032 030 030 080 013 014 016 019 017 021 012 084 020 025 023 019 020 017 015 079 034 041 037 038 037 036 030 069 002 002 003 003 004 004 000 081 013 016 016 014 012 010 009 255 255 0 
10 34 19.680 104 089 080 082 083 085 090 105 103 086 069 071 073 081 086 081 067 016 017 022 024 028 030 027 065 000 010 012 012 013 014 008 085 017 026 022 019 018 017 016 064 026 035 033 029 029 029 022 060 001 001 000 002 002 001 002 082 013 016 014 011 011 009 008 255 255 0 
10 34 19.680 094 093 084 086 087 091 094 105 110 080 068 068 068 074 080 075 074 039 039 034 038 039 043 038 059 000 004 004 000 002 005 000 081 022 026 024 022 020 017 017 063 031 037 035 032 032 031 022 058 000 000 000 001 001 000 001 076 020 018 018 016 012 009 011 255 255 0 
10 34 19.680 078 090 076 079 078 082 087 096 088 083 068 072 070 082 092 081 058 035 033 033 030 036 041 039 051 002 000 000 001 003 000 001 053 021 026 025 026 020 019 018 053 027 037 034 031 029 029 025 041 000 000 000 000 000 001 001 063 010 012 012 015 015 016 013 255 255 0 
10 34 19.791 084 087 077 080 082 087 090 099 113 079 070 073 078 086 088 085 079 050 045 044 043 045 049 045 057 000 000 000 001 001 000 003 084 026 033 033 032 028 028 022 088 037 045 044 042 040 037 032 047 001 000 000 000 000 000 002 064 011 015 014 014 015 014 012 255 255 0 
10 34 19.791 095 100 086 095 092 098 097 107 120 088 080 083 083 089 093 083 093 049 043 044 046 050 052 045 058 000 000 000 000 000 000 001 080 027 034 035 033 031 030 026 085 044 054 051 047 044 040 036 046 000 000 000 000 000 000 000 055 010 010 011 013 017 013 012 255 255 0 
10 34 19.909 093 100 093 094 097 103 103 115 113 094 077 080 085 089 089 087 110 055 048 047 047 054 060 052 060 000 000 000 000 000 000 001 071 022 028 028 025 025 026 021 096 035 045 041 039 035 032 026 045 000 000 000 000 000 000 000 056 013 014 015 015 013 015 013 255 255 0 
10 34 19.909 085 092 084 086 087 093 096 108 101 073 069 073 074 083 082 077 110 046 046 046 047 050 054 050 058 001 000 000 000 000 000 000 069 018 026 028 026 026 025 027 103 033 044 044 041 041 038 031 059 000 000 000 000 000 000 000 063 013 019 018 018 018 016 014 255 255 0 
10 34 20.019 097 095 087 089 093 097 096 108 101 073 068 071 074 080 082 078 118 056 054 054 052 054 054 051 059 000 000 000 000 000 000 000 070 026 036 034 034 033 032 028 107 050 057 056 053 049 045 040 069 000 000 000 000 000 000 000 062 014 016 016 016 019 015 018 255 255 0 
10 34 20.019 091 097 084 087 088 094 095 103 104 075 066 067 069 069 068 070 107 043 039 044 043 049 048 047 072 000 000 000 000 000 000 000 065 019 022 021 021 021 020 019 095 036 052 056 053 049 053 044 085 000 000 000 000 000 000 000 066 023 028 027 024 025 030 025 255 255 0 
10 34 20.146 101 095 083 084 084 091 094 113 082 041 038 039 043 049 054 053 098 046 040 042 041 044 044 040 075 000 000 000 000 000 000 000 063 013 023 020 019 020 017 015 088 029 039 038 034 033 028 028 088 000 000 000 000 000 000 000 061 016 022 019 015 019 019 018 255 255 0 
10 34 20.146 111 102 091 089 091 096 101 114 087 060 052 051 053 060 064 062 091 040 039 048 043 044 047 043 087 002 032 034 026 024 021 019 067 012 018 018 020 015 012 013 084 027 038 038 034 033 029 028 084 001 002 008 000 000 000 000 057 011 016 022 013 013 015 019 255 255 0 
10 34 20.146 112 094 085 089 088 090 091 113 082 052 047 051 050 056 062 063 084 037 036 048 038 044 043 040 083 010 009 022 007 007 005 005 062 013 019 033 016 017 019 014 080 027 040 041 038 041 033 032 077 004 004 053 002 002 000 001 046 008 016 026 012 014 012 011 255 255 0 
10 34 20.237 104 091 087 111 089 092 096 108 084 072 065 062 064 070 079 068 084 051 045 043 043 045 050 046 084 011 011 015 013 011 009 009 053 017 018 019 015 014 008 014 071 032 043 043 040 036 033 031 068 003 002 017 003 002 002 000 070 012 016 024 013 013 010 009 255 255 0 
10 34 20.237 103 081 074 089 073 071 069 081 079 061 052 056 052 060 057 058 068 033 031 031 039 036 040 047 059 018 018 028 034 010 010 015 046 015 018 027 009 012 011 008 056 043 053 053 049 046 040 040 052 000 003 028 004 004 002 000 060 005 010 087 007 006 006 005 255 255 0 
10 34 20.333 095 091 079 119 077 082 088 096 093 071 066 113 070 075 077 078 069 029 034 040 036 040 042 038 076 014 022 057 019 019 017 016 090 018 028 100 022 021 018 014 073 030 043 060 038 034 039 032 059 000 000 003 002 003 005 001 079 006 008 084 004 006 004 005 255 255 0 
10 34 20.333 098 088 086 123 096 092 093 102 119 076 065 138 068 073 079 081 074 029 030 054 027 030 036 030 064 003 000 029 030 000 002 000 089 009 024 098 019 019 010 020 070 013 030 027 022 022 022 018 057 000 002 002 026 000 000 007 092 008 014 017 033 012 008 006 255 255 0 
10 34 20.422 096 088 075 079 130 086 086 095 127 088 071 138 095 074 081 086 078 020 019 047 019 024 025 022 067 000 000 022 004 003 000 003 101 028 037 038 032 026 023 018 076 020 031 029 027 027 028 023 064 000 000 000 000 000 000 001 086 015 024 024 029 019 012 018 255 255 0 
10 34 20.422 087 077 066 066 076 075 085 091 123 088 072 075 076 081 093 097 077 023 022 020 021 025 032 021 067 000 008 000 005 001 002 002 082 020 027 031 023 024 020 015 069 026 030 033 033 029 029 025 042 000 000 000 000 000 002 001 064 017 023 024 035 022 016 021 255 255 0 
10 34 20.546 079 090 083 081 085 090 094 101 118 094 085 087 097 092 098 103 076 025 028 029 024 030 030 022 042 003 006 006 006 008 000 002 065 022 033 033 032 027 022 019 072 021 027 032 019 022 017 015 042 000 000 000 000 000 000 001 054 015 016 021 028 022 021 014 255 255 0 
10 34 20.546 088 089 080 072 081 089 094 098 112 100 087 118 095 097 091 098 087 021 021 062 022 023 025 023 060 005 005 019 009 008 010 007 078 019 029 050 031 025 022 018 094 024 028 090 024 021 020 017 043 000 000 027 000 000 000 000 058 020 024 032 028 025 020 020 255 255 0 
10 34 20.640 075 082 069 064 067 077 078 087 105 096 086 098 090 094 095 103 093 022 023 101 023 022 022 021 048 006 004 035 005 008 004 004 064 020 031 045 028 027 020 019 091 018 025 105 020 017 018 014 046 000 000 054 000 000 000 000 058 012 023 035 022 020 017 017 255 255 0 
10 34 20.640 070 072 062 085 061 070 073 084 099 092 080 083 088 092 097 103 080 022 019 101 020 021 025 021 031 003 005 051 000 006 007 006 055 019 030 035 044 024 021 016 063 017 026 094 049 020 016 017 033 000 000 060 002 000 000 000 036 020 025 028 022 019 023 016 255 255 0 
10 34 20.746 059 076 070 101 072 075 076 081 087 095 084 079 088 093 098 099 074 022 026 099 030 027 025 023 037 006 004 066 005 007 002 001 040 009 023 038 022 016 015 014 061 016 027 077 027 020 015 013 040 000 000 072 000 000 000 000 034 009 018 040 011 014 012 013 255 255 0 
10 34 20.746 060 070 062 105 065 068 071 081 086 101 084 081 087 094 102 105 061 015 014 073 020 015 022 017 037 007 006 080 005 007 008 008 039 010 021 038 018 018 017 014 061 016 026 056 024 019 019 018 050 000 000 080 000 000 000 000 037 014 019 047 004 016 012 014 255 255 0 
10 34 20.845 064 072 060 116 061 072 072 086 081 084 073 075 075 083 088 095 062 011 016 055 030 018 022 022 051 003 005 094 000 004 003 002 037 010 020 048 012 016 010 012 056 013 025 042 019 018 017 011 051 001 000 087 002 000 000 002 038 015 021 068 018 017 017 014 255 255 0 
10 34 20.845 074 076 067 105 064 072 078 085 080 087 077 074 070 084 090 095 061 020 020 043 069 022 022 019 049 005 005 056 012 003 003 004 038 010 022 040 013 015 012 011 051 010 020 029 019 015 013 011 049 000 000 045 001 001 000 000 040 015 022 048 018 016 015 011 255 255 0 
10 34 20.945 072 074 063 083 066 071 073 083 075 086 072 074 076 083 091 099 051 009 009 019 010 011 012 012 047 005 005 020 005 003 004 004 040 009 022 026 017 014 014 009 048 014 023 026 019 016 016 013 050 000 002 020 002 001 000 002 054 013 021 026 016 015 015 010 255 255 0 
10 34 20.945 087 076 064 077 070 073 076 083 082 087 073 078 071 078 088 092 061 011 009 020 011 013 016 016 067 002 005 052 008 005 006 003 075 011 021 051 014 014 012 009 059 015 021 027 018 015 012 011 059 000 001 032 003 002 000 000 083 015 022 060 016 014 015 011 255 255 0 
10 34 21.024 094 076 067 107 070 077 079 087 102 085 072 093 075 082 090 095 070 014 013 022 012 013 014 012 069 005 006 047 009 009 005 006 077 012 023 062 015 014 014 014 060 014 020 026 021 015 013 012 048 003 000 022 000 003 001 005 071 011 026 064 016 015 011 013 255 255 0 
10 34 21.024 079 080 067 089 073 076 077 089 102 088 072 101 075 082 088 099 064 016 012 020 016 017 018 019 058 006 008 032 014 010 010 008 087 012 026 067 019 015 013 010 059 013 024 034 010 017 015 014 057 002 001 019 024 001 000 003 086 019 024 071 026 018 014 016 255 255 0 
10 34 21.117 084 088 074 085 080 090 086 087 123 086 075 113 082 083 097 100 070 014 011 029 010 014 018 013 061 003 000 022 006 004 001 002 094 018 030 071 027 020 017 013 073 013 025 041 019 015 016 012 059 003 000 016 001 000 001 000 085 014 024 068 021 017 014 011 255 255 0 
10 34 21.117 089 085 076 076 082 090 085 091 122 093 075 117 077 084 091 100 071 015 014 042 016 015 026 022 062 000 003 021 003 004 004 005 095 017 031 078 023 021 022 011 081 011 024 050 014 019 011 008 055 000 000 014 000 000 001 000 078 018 025 055 024 019 016 012 255 255 0 
10 34 21.205 091 084 076 069 082 091 087 092 121 091 079 121 082 088 095 097 085 027 026 052 027 031 029 026 058 000 000 013 002 002 002 002 083 018 030 067 023 021 015 017 092 017 025 055 019 017 015 011 056 000 000 011 000 000 000 002 057 014 021 046 019 017 014 014 255 255 0 
10 34 21.205 069 083 073 066 079 087 083 084 103 096 082 110 088 091 097 108 086 028 023 056 024 027 027 023 056 002 004 020 005 005 005 004 075 019 030 052 026 022 020 013 090 020 021 059 015 014 011 011 054 000 000 012 000 000 000 000 065 012 018 029 019 020 015 013 255 255 0 
10 34 21.300 092 095 086 076 085 096 091 092 110 094 081 097 085 086 097 103 107 029 025 058 023 032 032 030 062 000 000 013 000 000 001 000 072 019 031 044 027 024 020 021 086 006 002 044 001 001 001 000 051 000 000 015 000 000 000 003 071 011 022 034 022 021 014 018 255 255 0 
10 34 21.300 095 099 087 080 090 096 096 092 105 085 074 079 079 082 086 094 106 022 028 065 032 031 028 027 060 000 004 021 002 005 001 005 083 021 035 039 030 027 024 019 084 005 004 048 005 005 003 003 067 000 000 003 000 000 000 000 071 019 028 031 029 024 022 018 255 255 0 
10 34 21.408 092 085 074 073 075 084 084 092 110 095 085 087 091 096 103 105 102 038 032 074 037 032 035 030 073 010 010 040 007 007 009 009 074 015 029 032 025 023 020 016 084 018 024 034 022 016 014 011 072 000 000 024 000 000 000 000 066 018 025 024 021 020 014 013 255 255 0 
10 34 21.408 092 077 072 088 073 078 078 081 105 093 086 070 091 098 101 109 099 023 019 074 027 029 032 027 082 012 009 077 019 027 019 008 072 021 032 041 029 027 022 020 077 010 017 045 016 015 013 013 087 000 000 082 000 000 000 000 063 008 012 044 009 009 013 010 255 255 0 
10 34 21.543 088 053 045 102 043 047 050 059 099 094 077 073 062 091 103 110 097 029 026 061 028 028 029 024 085 001 003 093 000 004 003 003 077 026 039 066 032 032 029 023 082 018 027 040 029 024 021 018 086 003 001 094 001 000 002 000 062 011 014 068 008 014 009 013 255 255 0 
10 34 21.543 108 063 052 119 049 055 065 070 103 089 078 085 091 091 098 094 091 038 033 043 029 035 026 032 087 019 016 094 015 009 005 010 081 037 049 067 049 046 035 034 075 026 029 034 031 029 026 028 085 000 000 074 013 000 000 000 070 023 020 065 019 021 019 025 255 255 0 
10 34 21.543 106 066 050 104 043 045 044 040 088 090 074 083 089 098 101 106 082 032 019 030 023 022 023 029 090 022 006 078 003 000 003 000 086 055 072 097 063 075 081 076 085 042 037 028 035 034 035 029 083 007 007 061 010 010 004 011 095 042 043 106 040 045 046 047 255 255 0 
10 34 21.657 110 058 056 105 042 039 034 054 085 064 062 095 052 059 036 053 068 006 005 022 010 011 006 014 082 003 008 073 044 009 020 021 107 063 089 136 070 076 080 066 101 058 074 076 083 094 095 111 090 007 011 047 012 012 004 009 109 042 048 114 039 042 048 050 255 255 0 
10 34 21.657 098 065 057 095 050 057 057 041 069 021 025 078 027 019 033 024 050 000 000 014 000 000 003 011 060 006 004 051 011 010 013 010 085 053 059 093 077 053 064 054 108 122 111 118 122 117 130 134 074 013 005 029 010 025 011 043 112 042 044 082 012 000 008 005 255 255 0 
10 34 21.751 081 069 024 056 027 092 052 059 072 000 000 046 000 000 000 000 044 000 000 018 000 000 002 014 066 004 003 034 009 049 017 041 132 097 113 145 120 074 061 082 092 019 098 103 103 050 080 066 061 019 000 032 032 036 129 161 150 180 065 086 121 108 102 142 255 255 0 
10 34 21.751 076 043 003 054 084 089 008 154 109 004 000 052 065 000 000 042 058 000 000 030 013 000 000 000 057 001 002 034 002 089 091 009 130 096 063 123 113 121 050 046 113 056 117 133 110 092 054 110 063 000 000 029 024 008 040 004 135 189 108 138 104 112 159 102 255 255 0 
10 34 21.852 059 016 001 037 022 014 038 009 084 047 003 068 001 005 000 000 042 000 000 046 000 000 000 000 047 000 001 039 028 007 002 067 120 107 048 096 057 092 017 184 111 109 117 097 043 067 053 017 009 000 000 032 000 002 002 021 105 146 138 142 139 180 163 255 255 255 0 
10 34 21.852 070 000 004 040 030 010 017 075 081 007 003 058 003 004 000 002 000 000 005 048 027 010 001 000 000 000 000 034 018 001 002 007 033 037 045 107 054 066 059 068 078 072 034 074 028 030 025 044 028 000 000 033 000 000 000 000 083 096 093 097 104 101 115 154 255 255 0 
10 34 21.957 051 000 001 008 003 004 027 092 089 006 003 016 060 010 004 038 080 000 000 000 000 000 000 000 038 029 049 041 034 039 032 023 088 058 054 039 055 062 064 077 153 111 111 104 099 099 097 107 032 000 000 000 000 000 000 000 085 113 100 102 082 066 068 080 255 255 0 
10 34 21.957 048 014 019 021 015 017 016 018 064 007 010 053 014 018 035 039 098 001 000 000 007 000 000 000 072 064 066 066 046 051 053 054 085 057 053 060 061 066 063 050 138 101 111 137 106 108 116 112 059 000 000 031 000 000 000 000 091 094 092 074 093 096 093 104 255 255 0 
10 34 22.040 060 023 024 024 013 026 028 027 061 006 008 010 053 014 007 015 091 004 001 000 000 000 000 000 044 043 042 046 039 048 037 042 088 064 059 038 051 052 050 051 133 095 092 097 094 085 077 070 073 000 000 000 000 000 000 000 092 106 105 108 103 109 113 098 255 255 0 
10 34 22.040 071 029 028 026 000 033 043 046 070 025 018 025 033 054 049 045 099 020 016 021 008 003 001 000 059 000 031 055 021 030 022 026 079 042 049 039 044 045 048 038 116 065 073 097 110 070 067 071 089 001 000 053 000 000 000 000 085 066 082 072 074 078 085 099 255 255 0 
10 34 22.146 082 046 043 080 020 038 047 045 094 085 072 058 080 088 091 098 095 011 009 057 006 009 012 008 081 020 019 079 005 013 012 010 069 035 042 047 029 032 031 028 090 032 046 069 044 039 035 032 087 006 000 090 000 000 000 000 074 040 043 071 027 041 039 036 255 255 0 
10 34 22.146 089 064 066 113 045 068 065 074 081 066 059 058 050 077 083 081 079 023 019 064 065 023 016 018 063 000 000 086 000 000 000 000 060 030 041 064 036 038 036 045 084 044 048 047 046 050 055 046 076 000 003 090 000 000 002 000 053 037 039 081 030 035 028 032 255 255 0 
10 34 22.273 088 078 072 129 077 083 086 095 081 065 056 063 060 065 073 075 067 015 014 037 012 017 016 022 045 005 002 089 000 000 000 007 048 019 031 071 023 025 025 027 062 027 039 044 039 036 031 033 067 003 003 084 003 000 001 000 047 031 040 092 037 036 037 032 255 255 0 
10 34 22.273 096 102 083 146 089 098 098 106 071 062 052 078 056 059 064 071 064 012 012 028 013 015 016 016 073 002 001 089 001 000 000 000 061 024 036 088 025 025 025 024 066 028 033 036 030 028 028 028 073 002 004 066 002 003 000 000 084 031 041 104 016 038 038 036 255 255 0 
10 34 22.273 114 100 082 141 084 093 091 101 088 067 058 097 057 066 071 084 069 012 013 025 029 015 012 014 077 003 000 072 023 002 000 000 071 018 026 084 009 020 017 017 067 021 032 037 022 025 024 025 063 000 002 055 052 002 000 000 095 027 033 110 049 027 026 026 255 255 0 
10 34 22.408 104 096 080 122 094 093 090 101 094 066 054 104 051 059 066 074 063 006 008 019 007 009 011 011 066 002 000 047 005 002 002 002 090 015 024 098 018 014 014 013 070 015 024 047 020 017 014 016 060 000 000 028 004 002 002 000 094 019 027 113 025 023 019 018 255 255 0 
10 34 22.408 099 085 074 102 078 087 088 102 108 069 054 123 055 061 065 071 068 001 001 027 003 002 003 003 064 000 000 035 001 002 001 000 095 016 025 110 021 018 015 013 073 016 024 063 018 017 015 013 063 000 000 022 002 002 000 001 095 020 030 112 027 022 021 020 255 255 0 
10 34 22.506 101 100 084 099 087 100 096 108 115 070 061 137 068 074 081 088 051 001 001 041 001 002 001 001 028 000 000 024 001 001 001 002 043 016 025 104 020 016 013 012 043 011 023 078 016 014 013 012 042 000 000 018 000 001 001 001 073 018 027 086 022 020 017 016 255 255 0 
10 34 22.506 077 084 073 075 076 088 088 094 116 082 063 141 065 072 087 093 053 000 003 052 000 002 000 007 046 000 000 020 000 000 003 000 059 018 027 092 023 018 013 012 049 011 023 091 018 015 010 010 037 002 000 018 000 001 003 000 062 019 024 067 029 023 023 020 255 255 0 
10 34 22.608 076 091 079 081 081 092 092 102 100 081 068 133 069 076 082 090 054 002 002 057 003 003 002 004 034 000 003 023 005 005 008 003 065 015 028 074 026 019 020 017 057 015 021 076 015 015 013 013 038 000 000 018 000 000 000 000 060 018 028 049 026 021 016 020 255 255 0 
10 34 22.608 071 083 068 057 074 084 082 086 103 078 061 102 074 074 084 093 079 001 002 054 000 004 002 003 050 001 000 015 000 001 000 000 067 012 024 052 027 016 011 010 090 014 019 081 012 012 010 010 051 000 000 024 000 000 002 000 066 014 022 035 025 019 014 013 255 255 0 
10 34 22.608 080 080 063 063 068 081 083 082 099 076 061 084 074 074 079 089 087 003 002 065 000 003 003 004 053 000 000 019 000 000 000 000 067 010 024 031 021 015 012 011 091 010 018 086 018 012 009 007 056 000 001 042 000 000 000 000 068 012 022 029 022 017 015 012 255 255 0 
10 34 22.708 081 075 063 070 061 079 074 080 094 077 059 066 070 071 080 087 099 013 010 074 010 009 009 013 058 001 002 037 000 003 004 001 071 010 024 024 019 015 012 012 093 013 020 084 021 015 011 011 065 000 000 047 000 000 000 001 068 015 024 023 019 017 015 013 255 255 0 
10 34 22.708 087 077 067 080 065 082 079 081 092 072 061 054 069 072 080 087 099 014 009 076 016 009 012 011 062 000 000 041 000 000 003 002 069 015 025 023 019 015 012 011 089 014 022 070 025 015 011 010 073 000 000 053 000 000 000 000 065 016 024 028 017 017 016 012 255 255 0 
10 34 22.828 085 076 067 092 066 081 079 079 099 069 056 048 059 065 073 090 094 009 008 060 014 011 010 012 072 000 000 047 000 000 000 000 065 013 023 031 019 015 011 011 081 013 024 049 024 017 012 012 084 000 000 060 000 000 000 000 066 014 024 038 017 018 016 014 255 255 0 
10 34 22.828 096 078 069 104 069 084 078 081 090 077 061 057 063 069 080 088 078 005 005 044 008 006 005 006 084 000 000 059 000 001 000 000 067 010 023 039 016 015 011 011 074 012 022 037 022 017 014 014 086 003 001 068 001 000 000 000 067 014 025 055 017 019 016 014 255 255 0 
10 34 22.925 104 079 067 113 068 085 080 081 085 070 058 061 062 068 074 083 075 005 005 036 007 008 006 008 082 000 000 064 002 000 000 000 064 012 023 051 016 015 013 011 073 013 022 031 018 016 012 011 081 003 002 068 003 000 000 000 071 015 023 067 017 016 015 014 255 255 0 
10 34 22.925 112 081 068 117 070 084 078 080 088 076 057 072 060 070 077 085 073 005 003 022 005 005 006 007 086 003 000 070 000 000 000 000 067 014 024 060 018 014 010 014 075 014 023 030 018 016 015 014 081 000 000 057 003 002 001 000 084 015 025 072 021 017 016 017 255 255 0 
10 34 23.011 109 088 070 124 078 089 089 086 093 070 058 089 058 070 077 086 075 005 001 018 005 006 002 006 084 003 001 070 000 002 001 000 074 009 026 071 021 014 013 009 067 016 021 034 022 017 013 015 073 002 001 043 003 001 000 002 097 018 030 088 024 019 020 018 255 255 0 
10 34 23.011 066 087 077 113 083 093 094 087 066 073 060 095 062 071 072 085 044 004 015 029 016 020 021 024 045 000 001 043 002 003 004 000 054 007 022 077 019 012 010 007 053 010 020 041 013 013 011 009 044 000 001 032 000 001 002 000 067 017 025 087 020 018 016 014 255 255 0 
10 34 23.147 088 083 071 097 076 088 084 083 094 075 062 118 062 071 075 086 062 021 021 041 016 022 024 022 061 000 000 034 003 001 002 000 079 009 022 084 018 011 011 007 061 014 025 049 019 016 015 015 059 001 000 022 000 001 000 002 092 021 029 093 024 021 018 014 255 255 0 
10 34 23.147 090 084 070 081 074 086 086 083 114 075 060 126 066 071 076 089 071 021 018 051 016 022 027 024 059 000 000 023 002 001 001 000 085 008 021 091 016 013 008 007 069 015 025 062 021 016 011 014 061 000 000 017 000 001 000 002 091 016 028 084 025 021 016 014 255 255 0 
10 34 23.239 070 087 072 065 075 088 086 086 060 077 059 116 064 072 076 089 039 021 019 053 026 026 030 026 014 000 000 018 000 001 000 002 034 011 020 081 016 014 008 007 036 010 018 063 014 013 009 009 029 001 000 014 000 000 001 000 052 014 024 062 021 018 012 012 255 255 0 
10 34 23.239 068 084 067 058 073 088 085 086 098 069 056 108 060 065 072 083 061 023 019 062 020 021 022 025 042 001 000 016 002 004 002 004 046 012 022 068 018 014 012 011 040 011 022 076 016 013 012 010 014 000 000 016 000 001 000 000 052 019 027 052 021 022 019 013 255 255 0 
10 34 23.343 059 091 073 057 074 091 090 088 056 070 058 094 059 069 071 080 018 008 009 057 008 009 011 011 013 004 005 021 004 006 004 001 033 010 021 051 016 014 012 010 046 013 023 084 017 014 011 009 015 000 000 024 000 000 000 000 050 015 026 036 021 019 015 015 255 255 0 
10 34 23.343 062 086 073 062 077 091 088 089 078 068 056 074 059 069 073 083 075 013 011 062 011 012 013 014 042 000 000 015 000 000 000 000 056 010 020 036 018 014 012 009 074 011 020 070 015 011 008 008 035 000 000 033 000 000 001 000 053 012 023 030 020 017 014 013 255 255 0 
10 34 23.343 067 090 073 071 078 092 091 088 073 074 059 067 064 073 076 087 060 012 011 063 011 011 012 012 022 000 000 026 000 000 001 000 041 009 020 027 018 015 011 010 058 015 024 075 020 016 014 011 023 000 000 039 000 000 000 001 048 014 027 026 021 020 015 014 255 255 0 
10 34 23.457 062 091 078 084 080 092 092 089 063 072 060 059 064 072 076 084 038 011 009 062 009 012 013 012 011 000 000 035 000 000 002 002 036 007 021 029 018 014 012 010 050 012 021 067 020 016 016 010 018 000 000 042 000 000 000 000 050 011 024 025 024 018 015 014 255 255 0 
10 34 23.457 058 089 076 098 077 091 090 090 058 080 067 058 068 073 079 086 028 011 024 070 021 026 025 025 010 000 000 040 000 000 000 000 030 012 024 023 015 013 010 009 041 014 023 051 022 015 014 008 014 000 002 047 000 000 000 000 049 015 025 035 020 016 016 012 255 255 0 
10 34 23.560 058 092 079 109 081 093 094 093 056 072 061 055 065 070 075 085 036 024 022 060 023 027 029 026 009 000 000 045 000 000 000 000 032 007 020 033 017 012 011 007 045 013 024 035 022 018 014 015 016 002 001 052 000 000 000 000 050 016 025 050 023 019 015 016 255 255 0 
10 34 23.560 057 089 074 108 076 089 091 090 056 067 056 054 060 068 071 082 035 023 023 045 024 027 029 031 016 000 000 051 000 000 000 001 033 011 019 041 012 011 005 007 042 012 025 029 022 016 014 011 017 002 001 054 003 000 000 002 050 013 025 057 021 017 014 014 255 255 0 
10 34 23.659 057 086 073 115 072 085 089 088 050 064 055 069 058 064 068 076 029 021 023 033 019 029 026 024 009 000 000 046 000 000 000 001 028 007 022 053 015 012 008 004 041 012 021 027 017 016 010 011 042 002 000 052 002 001 000 000 047 013 024 062 020 017 014 014 255 255 0 
10 34 23.659 087 089 074 120 078 085 088 089 065 073 058 078 063 068 076 082 051 026 022 028 024 025 029 028 043 001 001 053 005 001 000 000 044 010 022 060 017 013 010 007 049 014 024 023 017 015 012 012 035 000 000 037 001 002 002 000 063 017 030 073 021 019 016 016 255 255 0 
10 34 23.765 086 090 073 117 078 088 091 092 082 074 059 088 064 066 077 088 058 023 019 025 022 025 030 028 064 001 001 046 000 003 003 000 073 008 023 067 017 012 007 008 059 006 019 025 014 013 007 009 053 001 000 030 001 002 000 000 086 016 024 074 020 017 011 012 255 255 0 
10 34 23.765 095 089 072 100 078 088 090 087 103 071 055 098 060 065 074 083 068 025 022 030 023 027 032 031 068 001 002 034 002 003 001 000 090 010 022 072 016 013 010 008 061 010 016 034 016 013 009 010 058 000 000 019 002 002 000 000 090 013 024 076 020 016 014 011 255 255 0 
10 34 23.891 089 085 068 083 073 084 086 086 113 066 053 098 056 059 068 080 072 032 026 037 026 030 032 032 060 000 001 024 002 003 003 002 089 011 023 076 018 012 011 007 066 008 018 051 014 011 008 007 060 000 000 018 000 000 002 001 059 011 023 073 021 016 013 011 255 255 0 
10 34 23.891 067 090 071 075 076 087 090 088 051 073 055 104 056 060 067 081 032 029 027 055 030 030 030 030 018 000 000 017 003 001 002 000 047 010 024 071 022 012 009 006 044 011 017 055 017 010 004 009 032 002 001 018 001 000 000 001 064 015 024 062 021 016 014 010 255 255 0 
10 34 23.891 060 090 071 063 075 088 091 090 063 073 055 107 058 060 069 082 037 030 024 057 029 028 029 030 031 001 001 015 001 000 000 000 059 007 025 066 019 013 010 007 055 009 018 059 013 010 009 007 035 000 001 017 000 000 000 000 048 011 021 050 019 015 014 010 255 255 0 
10 34 24.024 057 090 070 058 075 087 090 089 086 070 052 094 059 062 071 081 071 030 025 068 026 028 032 028 044 000 000 013 000 000 000 001 064 010 022 054 017 013 011 010 047 010 019 064 014 009 007 006 014 000 000 019 002 000 000 000 048 012 024 032 018 016 013 010 255 255 0 
10 34 24.024 059 092 073 061 076 089 092 092 062 065 051 076 057 060 068 080 041 028 023 068 025 027 030 029 021 000 000 014 001 000 000 000 036 011 021 037 017 013 007 007 042 005 018 065 014 009 006 007 014 000 000 029 000 000 000 000 048 010 023 030 018 015 011 010 255 255 0 
10 34 24.125 055 093 073 070 077 089 094 094 052 065 050 059 058 064 068 079 035 027 025 074 025 026 030 027 009 000 000 028 000 000 000 000 033 008 021 030 016 012 010 008 039 007 018 071 012 009 007 008 009 000 000 039 000 000 000 000 048 009 022 028 016 014 011 010 255 255 0 
10 34 24.125 055 091 070 083 075 086 089 092 054 068 055 056 059 065 070 081 040 032 025 079 026 026 029 027 009 000 000 038 001 000 000 000 033 011 021 028 017 012 009 007 042 009 018 067 015 011 009 005 011 000 000 043 000 000 000 000 047 012 023 031 018 014 012 009 255 255 0 
10 34 24.125 051 091 071 095 074 087 094 090 051 066 054 050 059 064 073 080 035 030 022 076 024 025 027 028 009 001 000 044 001 001 002 002 034 007 022 029 016 012 010 008 038 009 018 048 014 011 010 007 014 000 000 049 000 000 000 000 045 007 022 039 018 015 012 009 255 255 0 
