17 37 21.266 004 013 005 029 052 025 024 030 020 032 020 059 131 046 036 018 014 024 010 038 073 014 004 000 000 000 000 016 030 011 008 000 091 102 079 111 151 097 089 083 012 025 007 056 103 030 017 000 007 017 014 031 046 037 037 032 075 077 069 082 087 072 071 055 255 255 0 
17 37 21.266 016 023 019 032 042 036 034 027 016 030 022 078 132 053 048 033 032 043 028 091 116 041 015 000 000 000 000 019 037 009 002 000 079 092 085 097 108 107 103 104 040 046 035 112 135 052 042 031 064 090 118 106 068 107 084 081 051 056 052 052 060 054 055 046 255 255 0 
17 37 21.377 006 011 016 026 039 025 012 004 000 008 002 048 089 025 017 003 004 017 004 088 112 024 012 000 000 004 000 016 027 013 005 000 077 083 079 079 078 092 085 080 010 023 009 098 131 045 039 023 107 108 104 116 097 101 106 106 089 091 087 070 069 092 101 090 255 255 0 
17 37 21.377 020 026 018 023 042 028 027 019 009 014 006 040 062 035 033 024 027 041 028 117 145 049 034 020 018 025 002 038 039 006 000 000 079 087 087 078 075 091 093 092 029 039 028 104 137 053 041 030 099 102 099 146 140 106 099 099 127 115 118 076 068 104 109 114 255 255 0 
17 37 21.476 034 031 028 058 037 028 031 027 014 011 001 030 054 019 026 024 030 044 035 116 147 059 050 035 031 040 026 087 077 009 000 000 076 106 117 076 067 109 120 133 052 045 029 085 138 056 045 032 043 062 062 129 142 087 088 097 031 028 013 030 041 025 028 041 255 255 0 
17 37 21.476 051 057 049 089 073 047 041 046 018 012 000 020 044 012 007 010 020 030 026 089 140 057 047 049 030 036 019 099 113 032 006 006 094 095 105 068 063 102 108 105 027 025 015 057 092 049 043 034 112 114 103 171 181 123 120 126 012 015 053 059 026 054 047 032 255 255 0 
17 37 21.573 042 047 036 097 114 038 030 025 005 000 000 018 034 003 002 000 002 014 022 064 110 053 051 043 043 050 036 057 110 023 013 000 104 108 121 108 080 111 116 115 035 032 017 038 062 043 043 035 112 118 113 145 196 133 119 112 083 086 071 081 065 072 085 083 255 255 0 
17 37 21.573 061 070 047 073 122 054 040 031 011 003 000 009 030 003 000 000 000 006 003 032 070 035 036 038 030 042 030 068 133 045 034 025 131 128 131 112 069 117 128 128 020 012 001 028 050 019 022 019 083 089 080 108 184 124 113 105 062 085 083 103 123 095 090 088 255 255 0 
17 37 21.687 044 056 045 077 135 055 044 041 027 011 000 017 025 000 000 000 000 000 000 028 054 018 024 025 024 036 028 109 148 050 039 036 124 127 123 133 125 121 123 128 022 012 001 023 048 015 018 022 069 080 075 117 166 090 088 083 076 098 072 108 133 062 052 047 255 255 0 
17 37 21.687 033 046 043 110 151 044 028 030 027 029 008 043 040 001 000 000 000 000 000 024 042 010 008 007 018 034 031 095 143 047 040 030 169 160 153 169 181 148 154 159 014 003 000 018 035 004 003 000 080 085 085 105 131 096 090 085 073 081 074 130 156 090 086 083 255 255 0 
17 37 21.687 025 036 032 093 148 054 046 029 021 024 015 072 074 010 000 000 003 000 000 020 037 007 006 004 007 022 017 066 119 045 038 029 118 129 123 155 178 134 130 132 025 006 000 018 032 003 000 000 084 104 105 105 111 119 113 115 091 107 101 145 183 110 102 098 255 255 0 
17 37 21.790 008 015 009 057 114 028 021 011 004 011 003 054 105 029 007 000 000 000 000 017 029 004 000 000 005 018 013 052 086 040 033 027 151 156 151 179 208 162 157 157 030 009 000 015 031 002 000 000 000 000 000 027 051 015 026 018 128 132 128 158 207 142 134 131 255 255 0 
17 37 21.790 017 025 022 062 103 036 028 012 034 059 046 099 140 066 057 057 014 004 000 013 032 002 000 000 000 012 013 040 055 037 032 027 120 121 123 158 197 130 115 109 004 010 000 030 040 007 001 000 001 010 005 031 055 024 028 021 098 105 104 134 193 135 124 106 255 255 0 
17 37 21.905 005 013 005 039 073 026 023 014 030 047 032 098 144 048 039 033 010 012 000 019 031 004 000 000 000 005 001 031 056 019 014 012 145 144 148 169 206 143 123 107 006 015 006 061 082 012 000 000 000 000 000 020 035 009 006 000 114 129 137 141 175 155 153 162 255 255 0 
17 37 21.905 000 005 000 028 053 016 014 003 004 017 011 089 156 073 066 054 001 009 000 036 048 006 002 000 000 003 000 021 048 012 008 000 088 097 093 130 176 114 110 102 004 012 001 055 099 013 005 000 000 000 000 020 037 008 004 000 148 146 150 153 153 154 153 146 255 255 0 
17 37 22.006 007 013 011 030 052 029 028 021 062 074 071 114 164 094 087 077 024 028 014 077 107 020 003 000 000 000 000 018 034 004 001 000 094 096 096 104 125 111 127 113 028 030 003 099 108 019 015 009 061 065 063 064 032 060 067 064 109 123 131 103 110 134 155 163 255 255 0 
17 37 22.006 006 004 000 020 039 010 006 000 039 074 065 092 137 095 097 089 082 066 054 124 135 053 043 012 000 000 000 013 036 006 002 000 085 093 088 085 094 104 102 092 016 022 010 088 130 032 016 001 049 056 048 066 042 052 045 042 146 134 137 106 099 141 150 151 255 255 0 
17 37 22.120 006 000 010 025 034 013 007 000 004 017 023 049 080 032 036 001 034 061 108 116 145 076 061 045 001 021 041 031 034 011 009 000 106 091 059 067 075 036 096 101 007 054 007 093 126 110 032 002 066 088 077 121 108 135 089 092 095 112 095 064 076 083 103 132 255 255 0 
17 37 22.120 000 015 000 019 023 061 010 000 000 000 000 031 058 041 004 004 059 060 072 148 177 150 068 062 001 001 000 055 054 079 000 000 071 080 076 057 050 047 065 066 065 002 006 077 130 094 018 026 130 067 038 099 126 145 029 052 124 116 141 100 079 096 103 104 255 255 0 
17 37 22.220 099 002 000 052 042 079 000 000 039 000 000 025 045 035 004 024 069 030 030 119 179 129 046 027 108 015 013 059 096 108 000 000 082 075 059 056 045 052 064 066 049 000 002 056 097 069 003 004 093 014 001 090 106 143 012 000 113 145 162 110 093 112 137 158 255 255 0 
17 37 22.220 139 088 129 086 111 105 048 089 064 000 043 016 033 012 000 000 025 028 056 062 115 037 003 006 086 006 117 067 101 044 001 000 068 079 105 066 050 066 090 102 065 000 043 043 078 041 019 006 084 026 111 134 127 035 001 000 084 093 137 099 056 092 100 078 255 255 0 
17 37 22.334 113 047 120 105 127 078 050 052 091 034 076 057 047 018 011 074 066 007 050 043 082 020 033 026 056 054 127 103 143 084 016 055 087 050 122 076 049 082 048 051 035 000 042 038 057 015 000 002 036 001 082 045 113 023 002 000 101 130 162 131 116 122 137 125 255 255 0 
17 37 22.334 097 070 123 128 156 097 083 078 124 099 118 095 072 126 138 138 065 041 062 081 075 086 037 038 090 002 089 049 117 030 022 071 136 060 125 064 056 045 026 033 052 000 049 010 044 011 000 000 003 001 068 047 118 017 000 003 040 025 117 080 102 023 009 008 255 255 0 
17 37 22.334 081 073 117 133 180 086 072 079 150 149 153 156 107 145 165 160 001 007 052 046 060 022 020 021 054 001 078 086 122 019 002 001 102 018 120 092 092 032 036 016 063 000 056 036 045 011 000 000 049 000 055 073 106 018 001 000 097 015 120 037 108 039 031 032 255 255 0 
17 37 22.434 091 127 120 166 199 137 105 112 135 111 155 139 124 116 118 127 086 015 065 046 053 028 011 011 065 000 065 064 110 017 000 000 104 010 115 057 098 030 013 014 089 000 066 003 035 010 000 000 053 000 048 047 086 018 001 000 089 016 107 061 115 030 008 011 255 255 0 
17 37 22.434 074 064 084 091 142 085 064 063 118 118 155 133 158 116 100 109 087 029 082 047 051 035 025 028 057 005 060 060 096 027 012 013 077 013 117 047 110 027 014 013 080 000 086 041 034 006 000 000 034 000 046 040 054 013 000 000 038 011 092 079 127 026 010 012 255 255 0 
17 37 22.548 072 071 088 065 111 083 078 067 124 118 161 133 172 133 115 122 086 020 095 022 042 027 021 025 036 000 052 015 069 014 000 008 067 010 101 072 117 026 009 010 090 000 098 013 036 008 000 000 029 000 046 013 050 011 000 000 056 016 079 037 121 032 019 019 255 255 0 
17 37 22.548 076 078 084 081 093 089 081 080 121 100 145 133 181 129 112 104 114 024 108 043 040 027 021 023 065 000 052 046 060 019 012 012 080 015 092 075 123 025 014 010 117 023 126 029 069 013 020 000 060 000 058 035 046 011 000 000 059 014 050 044 113 031 014 015 255 255 0 
17 37 22.646 082 081 071 073 068 081 084 084 113 091 098 134 185 116 102 095 124 036 039 058 061 042 025 033 070 000 005 028 050 013 000 000 049 007 043 069 119 024 008 007 081 009 016 051 093 030 015 020 038 000 000 023 045 010 000 000 040 009 014 050 086 020 003 004 255 255 0 
17 37 22.646 084 098 098 087 079 087 083 094 102 081 103 133 181 119 090 093 114 030 036 041 087 034 024 023 056 000 000 001 033 008 000 000 043 010 029 035 098 027 013 011 075 021 031 060 096 013 001 002 062 000 011 000 028 006 000 000 040 006 024 025 059 017 008 008 255 255 0 
17 37 22.760 078 095 087 080 062 089 095 104 082 085 097 111 153 113 096 093 108 006 107 072 101 021 013 013 087 000 069 027 043 007 000 000 048 009 055 059 079 023 015 017 089 020 105 094 131 037 020 019 097 000 084 037 046 006 000 000 053 005 054 024 049 010 008 009 255 255 0 
17 37 22.760 106 113 113 092 079 113 113 114 087 089 097 106 114 106 092 095 110 034 110 068 110 038 025 020 105 000 081 037 043 008 000 000 061 009 056 035 056 019 007 006 078 002 085 069 117 028 012 013 000 000 097 055 062 008 000 000 022 007 063 047 060 020 008 005 255 255 0 
17 37 22.856 084 089 119 097 064 091 097 104 075 076 090 086 089 090 078 077 027 012 100 074 103 020 013 015 000 000 097 043 049 008 000 000 022 009 055 046 061 021 009 009 041 020 077 055 117 040 018 017 001 000 085 005 072 012 000 000 013 006 032 027 047 018 003 003 255 255 0 
17 37 22.856 076 080 099 079 083 083 081 090 070 065 066 084 079 086 062 066 020 018 073 047 115 037 016 015 000 000 091 004 055 011 000 000 031 009 059 016 042 022 006 006 032 016 061 054 103 033 016 013 000 000 093 041 080 013 000 000 003 004 074 013 045 016 004 003 255 255 0 
17 37 22.856 070 079 123 084 102 082 081 083 078 059 085 081 064 077 060 059 029 007 074 042 096 030 013 015 000 000 096 022 082 016 000 000 020 008 072 033 045 020 006 006 041 016 065 043 075 032 014 014 001 000 087 004 086 012 000 000 007 003 084 015 043 015 004 003 255 255 0 
17 37 22.977 097 089 122 098 128 091 087 089 076 058 091 081 064 076 061 058 054 006 066 046 084 025 012 012 013 000 010 012 085 013 000 000 015 004 028 031 048 017 007 006 038 014 041 053 063 031 015 012 000 000 023 006 097 011 000 000 013 006 011 032 047 011 004 004 255 255 0 
17 37 22.977 082 097 085 089 137 101 092 096 076 056 067 072 057 073 058 049 014 012 019 043 065 023 013 011 036 003 005 037 103 017 003 003 047 004 010 033 043 016 004 003 036 011 030 047 061 029 014 013 006 000 000 025 094 013 000 000 013 004 008 044 076 015 004 003 255 255 0 
17 37 23.074 079 092 079 118 151 104 092 098 068 062 067 080 062 078 066 061 013 009 011 039 060 022 010 010 005 002 002 055 106 014 001 000 016 006 013 056 068 017 006 005 038 013 029 046 056 026 013 011 001 000 000 050 092 011 000 000 007 003 008 054 095 016 004 003 255 255 0 
17 37 23.074 077 089 079 116 154 104 093 097 076 063 068 090 100 080 065 059 015 005 011 035 053 020 009 008 001 001 001 049 095 014 001 001 014 005 011 058 089 014 004 004 033 011 025 041 049 022 012 011 000 000 000 037 076 011 000 000 012 004 010 052 099 020 006 003 255 255 0 
17 37 23.187 081 089 080 104 136 100 090 098 095 066 083 112 127 088 070 065 017 003 024 037 052 015 005 004 037 001 033 056 084 012 001 001 046 005 075 079 102 016 005 003 053 012 070 056 050 024 011 011 036 000 049 046 067 009 000 000 010 004 080 077 113 017 004 004 255 255 0 
17 37 23.187 079 093 096 103 128 108 097 102 094 070 122 121 143 091 070 067 020 006 063 052 053 019 008 006 009 002 044 035 065 015 002 002 019 005 062 052 106 020 005 004 040 013 058 048 045 024 012 009 004 000 026 029 054 012 000 000 024 004 043 046 108 023 005 003 255 255 0 
17 37 23.284 077 089 080 094 103 099 088 096 078 069 104 101 149 089 069 064 018 006 056 038 047 013 005 004 022 002 031 035 056 016 002 002 024 004 051 046 108 019 004 003 043 010 041 046 069 022 010 009 005 000 019 028 052 011 000 000 010 003 013 038 100 019 003 003 255 255 0 
17 37 23.284 082 088 074 092 083 099 089 098 080 073 100 108 157 099 074 066 012 005 070 045 060 017 008 003 004 001 039 034 052 012 002 002 018 006 059 050 101 021 006 005 033 011 077 055 096 023 010 008 000 000 039 031 053 009 000 000 009 003 045 039 086 016 004 003 255 255 0 
17 37 23.398 060 082 070 082 070 090 082 095 063 069 092 106 151 095 073 065 010 007 057 052 076 015 005 004 001 000 022 035 048 010 000 001 024 007 043 055 102 019 007 006 036 012 064 061 103 025 011 009 000 000 029 036 049 010 000 000 019 006 035 048 066 020 006 006 255 255 0 
17 37 23.398 055 079 067 071 067 080 075 089 063 068 083 098 133 091 069 064 013 004 025 052 091 017 004 002 000 000 016 029 050 011 000 000 019 005 025 037 071 018 003 003 031 010 049 049 104 024 009 007 000 000 042 019 039 010 000 000 011 004 023 029 058 017 005 004 255 255 0 
17 37 23.398 061 078 073 076 064 082 079 091 069 073 082 100 118 096 074 069 012 005 058 060 097 018 004 003 010 003 020 035 047 013 002 002 013 005 029 043 059 019 005 005 041 014 048 066 113 029 014 011 000 000 028 023 054 011 000 000 009 004 023 028 054 014 003 003 255 255 0 
17 37 23.498 071 080 076 085 064 083 080 093 078 069 078 100 097 094 074 070 006 005 053 047 107 020 009 008 014 004 032 029 049 015 003 003 016 005 025 038 058 021 005 005 037 012 057 059 112 027 012 011 000 000 048 034 070 010 000 000 015 005 033 041 049 017 006 005 255 255 0 
17 37 23.498 078 086 092 091 079 092 086 096 081 074 083 094 093 094 077 069 019 008 056 058 107 024 009 009 003 001 041 044 070 016 004 003 014 004 026 037 053 019 004 003 036 011 047 066 106 029 011 009 000 000 041 040 081 010 000 000 014 005 027 036 049 016 006 005 255 255 0 
17 37 23.612 071 085 098 094 108 093 087 097 071 073 077 088 075 090 074 068 009 006 055 059 100 021 010 008 000 000 043 044 082 011 001 000 014 004 029 038 054 015 005 004 033 011 042 056 077 024 012 010 000 000 047 048 088 011 000 000 014 005 037 039 049 015 006 005 255 255 0 
17 37 23.612 078 085 103 106 128 092 084 095 064 066 077 081 071 083 069 064 015 005 054 055 090 017 007 007 002 002 056 047 095 017 004 003 015 004 042 036 049 016 006 004 031 010 041 050 065 026 010 009 000 000 052 032 093 013 000 000 011 004 052 020 044 015 004 004 255 255 0 
17 37 23.709 066 086 096 088 129 096 087 097 065 068 082 079 074 082 070 065 017 006 052 047 071 018 007 005 010 003 058 049 101 013 002 001 017 005 048 037 047 014 005 004 033 010 038 052 060 025 012 010 000 000 045 044 103 011 000 000 012 004 054 047 079 015 005 004 255 255 0 
17 37 23.709 073 084 093 104 140 093 083 095 065 071 091 082 064 087 075 069 046 014 057 051 059 028 016 014 009 003 062 041 101 014 002 002 017 005 059 039 067 015 005 004 046 014 047 046 060 029 014 012 028 000 041 018 090 012 000 000 036 005 053 029 089 018 006 006 255 255 0 
17 37 23.826 056 086 097 097 145 097 086 096 104 074 099 093 103 093 075 069 038 015 057 044 058 029 016 015 000 000 047 020 096 013 000 000 036 005 058 027 083 015 004 004 044 011 044 039 056 024 011 009 035 000 038 004 073 010 000 000 072 003 057 023 096 017 004 003 255 255 0 
17 37 23.826 073 081 080 074 131 091 083 094 093 073 101 090 118 095 075 067 062 018 059 037 054 036 018 015 053 002 050 013 086 018 003 002 082 004 061 020 090 020 004 003 065 014 053 042 049 030 014 012 025 000 035 008 054 014 000 000 033 003 055 021 100 017 003 003 255 255 0 
17 37 23.923 059 085 081 086 127 094 086 096 091 072 102 097 135 097 073 066 060 014 058 042 050 026 014 012 035 002 044 038 073 016 003 003 051 005 064 044 100 020 005 004 063 014 062 056 046 028 014 012 002 000 034 032 050 011 000 000 014 005 055 048 100 018 004 002 255 255 0 
17 37 23.923 065 081 072 084 104 086 081 094 078 066 101 095 145 092 071 067 060 015 068 049 049 029 015 013 024 000 039 037 062 011 000 000 036 005 062 052 109 019 004 004 056 014 069 058 060 028 013 011 015 000 036 033 050 011 000 000 025 004 054 049 101 018 004 003 255 255 0 
17 37 24.036 065 083 072 082 086 088 083 095 066 066 100 095 156 094 068 064 016 011 071 042 054 023 012 009 000 000 038 031 057 010 000 000 017 005 058 046 107 019 005 004 047 013 078 064 086 030 014 011 000 000 040 021 048 011 000 000 009 004 048 029 089 020 004 004 255 255 0 
17 37 24.036 066 081 071 076 073 082 082 094 066 065 093 087 152 091 067 065 020 013 077 040 068 028 014 011 013 002 045 024 045 015 002 001 018 005 058 027 094 023 006 005 047 014 085 058 100 033 014 012 000 000 048 030 050 009 000 000 015 005 050 045 074 020 005 005 255 255 0 
17 37 24.036 067 083 079 086 076 084 083 095 082 064 090 102 145 096 066 062 042 011 077 065 094 028 013 011 025 003 047 043 051 016 003 002 019 005 050 054 083 024 005 004 047 010 071 069 109 030 012 008 000 000 048 035 043 011 000 000 031 007 047 053 064 025 007 006 255 255 0 
17 37 24.137 063 081 079 083 062 082 081 092 081 069 090 102 121 097 069 067 008 005 077 019 087 020 006 005 007 000 048 036 049 013 001 000 023 006 047 053 070 023 007 006 038 012 075 073 114 030 011 009 000 000 056 039 052 010 000 000 008 002 038 015 054 018 003 002 255 255 0 
17 37 24.137 065 081 078 071 064 077 081 092 068 067 079 086 097 092 068 065 005 004 070 023 099 020 005 005 010 002 052 014 042 015 002 001 015 004 039 020 052 021 005 005 035 011 060 039 112 030 011 009 000 000 049 029 067 012 000 000 013 005 033 036 051 022 004 004 255 255 0 
17 37 24.250 082 086 094 091 069 088 086 096 079 069 085 099 089 094 073 071 010 007 065 060 108 024 006 005 012 003 051 045 064 019 003 003 015 004 033 039 059 022 005 004 044 013 056 068 112 037 013 012 000 000 050 048 081 015 000 000 014 004 033 038 054 023 006 006 255 255 0 
17 37 24.250 084 085 100 095 103 091 086 100 075 062 080 088 072 083 064 060 008 006 059 036 100 022 005 004 003 000 048 028 081 016 000 000 018 005 033 028 050 023 004 005 041 013 051 060 095 038 014 013 000 000 052 027 088 016 000 000 013 005 038 029 050 021 007 006 255 255 0 
17 37 24.347 074 084 099 080 108 090 085 097 065 061 077 074 064 081 065 064 006 004 054 038 090 020 006 005 003 002 056 046 094 019 002 002 019 006 041 040 047 024 007 007 032 011 044 057 070 032 012 012 001 001 056 047 103 014 000 000 018 007 051 045 050 021 007 007 255 255 0 
17 37 24.347 081 088 102 103 139 097 087 097 076 066 083 088 071 086 066 064 013 008 050 039 074 022 007 006 012 003 058 017 090 017 003 003 023 007 052 022 045 020 007 007 036 012 046 045 062 031 014 012 001 000 051 029 100 016 000 000 014 006 062 043 066 020 008 008 255 255 0 
17 37 24.460 077 089 098 083 136 094 088 096 064 059 087 074 061 078 060 058 011 009 051 014 056 022 009 009 009 002 063 012 097 017 003 003 013 004 060 012 051 016 004 003 039 011 048 030 058 032 013 011 000 000 049 003 089 017 000 000 027 012 069 028 087 029 012 012 255 255 0 
17 37 24.460 077 087 098 084 146 102 089 096 069 060 099 076 087 082 064 062 012 011 054 015 055 025 011 011 012 004 062 011 098 020 005 004 017 005 068 015 076 022 007 005 041 014 054 030 053 031 015 012 000 000 046 000 075 016 000 000 026 011 071 022 095 028 011 010 255 255 0 
17 37 24.557 082 087 093 082 139 099 085 095 066 058 102 073 099 078 062 061 011 009 053 012 047 023 010 009 000 000 051 008 086 016 000 000 017 005 064 014 089 021 005 004 053 013 039 031 054 029 011 011 000 000 010 001 060 014 000 000 016 006 033 016 092 018 005 006 255 255 0 
17 37 24.557 079 085 097 078 127 093 085 096 105 058 108 074 126 083 064 061 048 007 062 009 043 023 012 012 040 000 053 003 066 013 000 000 034 006 077 021 098 021 006 005 022 005 058 015 046 010 000 000 023 000 037 000 043 012 000 000 048 009 063 021 108 025 008 009 255 255 0 
17 37 24.670 079 082 079 085 112 092 083 096 088 066 109 096 138 094 068 065 006 002 060 012 043 016 008 008 000 001 043 006 059 017 002 001 013 004 064 012 100 020 004 003 000 000 052 000 035 009 000 000 000 000 032 002 045 010 000 000 026 010 058 025 101 024 009 008 255 255 0 
17 37 24.670 080 087 082 088 087 094 086 098 058 057 100 074 136 077 057 059 004 004 063 006 042 013 005 005 000 000 038 004 048 010 000 000 013 005 061 018 099 022 007 006 000 000 057 000 054 010 000 000 000 000 035 000 038 011 000 000 020 008 049 017 088 024 009 010 255 255 0 
17 37 24.670 075 086 080 080 073 089 085 099 067 063 101 076 145 086 066 063 005 004 070 007 061 013 005 004 000 000 037 000 040 008 000 000 018 006 056 015 098 020 007 006 000 000 060 001 074 007 000 000 000 000 037 007 048 009 000 000 027 012 050 029 075 027 014 012 255 255 0 
17 37 24.776 075 086 082 085 076 092 087 101 063 064 094 091 140 090 067 062 005 004 070 016 073 020 012 014 002 000 040 009 041 010 000 000 023 007 053 019 080 015 005 003 000 000 061 006 086 012 000 000 000 000 042 004 041 009 000 000 026 012 044 019 059 025 012 011 255 255 0 
17 37 24.776 085 092 088 091 072 096 099 108 102 085 101 106 127 110 087 082 021 018 082 027 093 030 018 018 000 000 045 006 045 011 000 000 016 005 044 018 060 019 007 008 000 000 059 009 089 012 000 000 000 000 048 034 042 007 000 000 028 009 042 038 059 023 010 008 255 255 0 
17 37 24.890 081 097 088 090 071 102 094 100 074 071 090 101 109 097 075 073 086 004 067 067 101 018 005 004 090 000 017 031 046 010 000 000 057 007 024 042 055 023 008 004 075 000 019 052 105 017 000 000 094 000 000 035 060 011 000 000 069 009 019 041 052 024 008 008 255 255 0 
17 37 24.890 109 094 090 090 070 100 094 101 090 073 083 095 091 094 077 078 093 013 014 063 117 027 012 011 102 000 000 032 052 012 000 000 067 006 010 035 054 021 005 005 069 000 033 053 106 016 000 000 096 000 065 054 090 014 000 000 080 013 059 047 058 023 014 013 255 255 0 
17 37 24.986 089 087 112 095 105 098 090 088 073 060 084 076 069 074 059 061 055 004 076 016 093 019 003 009 054 000 088 025 066 012 000 000 038 006 070 037 053 021 008 007 048 000 066 030 089 016 000 000 081 000 089 030 091 012 000 000 084 013 082 044 053 027 014 015 255 255 0 
17 37 24.986 111 085 125 105 118 102 095 099 097 075 100 089 068 087 080 082 079 036 089 043 103 051 030 019 100 001 092 010 082 015 000 002 086 007 053 016 040 020 010 007 065 000 043 010 060 015 000 001 086 001 064 009 091 015 000 000 097 012 064 018 038 020 003 011 255 255 0 
17 37 25.100 119 128 119 119 157 126 118 126 114 087 099 092 072 092 085 084 077 033 073 047 086 047 034 041 100 001 087 029 094 014 000 000 100 017 081 048 046 026 010 011 059 000 052 032 054 011 000 001 076 000 066 005 098 012 000 000 113 031 083 045 077 044 034 038 255 255 0 
17 37 25.100 115 108 105 125 158 116 116 114 120 082 092 095 074 092 080 083 063 008 006 024 059 012 002 002 086 013 024 045 112 026 017 016 122 032 053 044 057 015 006 006 033 000 025 014 052 010 000 000 001 000 035 021 100 013 000 000 039 021 042 031 086 023 019 019 255 255 0 
17 37 25.196 112 098 085 098 147 101 103 097 115 089 092 104 082 094 083 090 018 000 016 036 055 026 014 015 023 014 020 072 114 030 015 015 022 002 007 044 074 016 007 012 000 000 016 033 047 012 000 000 007 000 034 043 095 019 002 003 070 041 083 090 122 051 023 014 255 255 0 
17 37 25.196 109 088 094 106 160 107 116 114 056 054 068 088 104 074 068 048 038 011 034 034 050 016 006 015 001 001 044 024 102 028 011 010 004 000 002 035 095 023 002 012 000 000 000 000 037 010 000 000 000 000 002 039 077 015 002 002 038 035 038 076 146 051 041 032 255 255 0 
17 37 25.310 131 135 127 145 149 127 137 150 047 034 022 029 112 032 024 024 010 005 004 037 052 019 006 004 000 000 012 058 089 026 014 017 010 008 009 103 125 024 005 009 000 019 029 076 057 019 000 007 006 000 022 066 066 011 000 001 019 028 014 116 137 028 014 013 255 255 0 
17 37 25.310 152 137 134 141 147 135 139 135 028 027 049 113 114 039 026 023 000 001 001 061 057 012 005 010 011 018 007 066 069 024 007 004 012 002 045 024 097 040 002 010 019 025 038 051 048 029 016 015 000 000 017 033 053 016 011 018 006 009 053 018 097 046 009 020 255 255 0 
17 37 25.310 136 141 149 118 122 139 153 200 048 051 067 141 168 160 053 202 000 000 007 071 058 105 000 000 000 000 010 018 051 077 000 058 000 001 001 044 108 112 003 118 024 023 047 066 076 106 025 083 000 000 000 009 042 068 000 056 001 003 005 033 105 101 003 112 255 255 0 
17 37 25.410 146 138 125 137 096 115 127 144 065 061 086 100 148 133 062 145 003 000 002 042 056 091 000 053 000 000 000 020 054 074 000 055 000 000 003 011 111 082 000 099 000 000 001 010 082 024 000 067 000 000 006 005 047 018 000 044 003 000 000 006 081 025 000 082 255 255 0 
17 37 25.410 138 141 146 130 080 122 136 128 065 068 074 081 141 122 066 080 000 000 003 019 081 099 003 027 001 001 001 005 046 074 001 008 004 002 030 005 089 096 001 053 000 000 020 003 087 118 000 029 000 000 000 001 037 027 000 025 000 001 003 003 057 045 002 049 255 255 0 
17 37 25.524 116 134 135 129 093 110 137 116 075 068 076 080 129 120 068 120 000 000 003 004 077 075 001 039 000 001 006 005 043 042 002 031 000 000 000 004 065 061 000 061 000 000 000 026 089 071 000 039 000 000 000 017 036 028 000 025 004 003 004 002 045 037 000 049 255 255 0 
17 37 25.524 121 150 160 134 110 112 150 138 065 069 069 091 112 101 069 103 005 004 003 011 086 059 001 008 000 000 000 004 040 038 000 001 008 003 009 016 049 045 004 017 000 000 000 007 095 049 000 002 000 000 000 001 041 029 000 001 000 000 000 001 043 028 000 006 255 255 0 
17 37 25.624 116 136 119 121 092 109 139 120 073 075 086 078 093 101 083 089 003 004 005 010 096 046 005 009 001 001 000 005 039 030 000 005 009 007 009 016 046 040 008 019 000 000 000 003 092 052 000 003 000 000 000 005 065 048 000 000 000 000 000 004 042 029 000 005 255 255 0 
17 37 25.624 120 139 142 122 101 112 137 110 086 080 088 084 083 096 080 090 009 006 009 018 098 053 006 017 000 000 000 000 054 030 000 000 008 005 006 013 047 036 005 019 000 000 000 004 084 041 000 003 000 000 000 007 080 048 000 000 000 000 005 002 038 035 000 003 255 255 0 
17 37 25.737 121 141 148 128 124 120 144 117 080 073 077 081 070 090 075 086 010 006 010 025 096 077 006 020 000 000 001 020 081 063 000 008 007 004 005 019 046 042 004 017 000 000 000 009 066 044 000 004 000 000 000 008 082 042 000 002 000 000 000 007 045 025 000 003 255 255 0 
17 37 25.737 118 141 148 126 151 135 143 117 078 074 079 094 076 093 077 087 010 006 007 025 079 086 007 019 000 000 009 009 081 091 000 001 007 005 008 023 051 067 005 017 000 000 000 009 054 068 000 003 000 000 004 011 094 099 000 003 000 000 001 011 042 071 000 004 255 255 0 
17 37 25.834 116 143 145 123 158 140 144 118 080 073 077 091 067 097 078 086 008 005 006 023 066 073 005 016 000 000 000 013 094 088 000 002 007 005 008 019 040 064 004 018 000 000 000 009 044 057 000 003 000 000 000 015 099 088 000 003 000 000 002 013 065 079 000 005 255 255 0 
17 37 25.834 114 140 155 129 160 136 140 118 080 074 066 085 067 096 077 080 009 006 006 026 053 070 007 017 000 000 000 015 100 050 000 003 008 005 007 027 059 041 005 017 000 000 000 002 044 032 000 002 000 000 000 004 089 050 000 004 001 001 002 009 075 041 000 006 255 255 0 
17 37 25.947 113 142 156 135 176 134 141 121 077 073 077 090 089 103 074 082 003 004 016 020 052 065 005 018 000 000 027 026 088 083 000 004 005 004 032 022 078 050 004 015 000 000 004 000 036 030 000 002 000 000 017 008 069 041 000 004 000 000 020 014 084 041 000 004 255 255 0 
17 37 25.947 116 142 149 129 166 138 142 120 078 075 089 089 107 094 075 078 009 005 013 016 042 036 006 040 000 000 013 004 084 025 000 040 007 005 007 015 092 048 005 044 000 000 000 003 041 025 000 025 000 000 000 007 065 043 000 042 000 000 000 006 094 053 000 046 255 255 0 
17 37 25.947 122 139 154 134 156 132 137 143 082 073 065 096 133 129 076 094 003 001 001 030 053 056 002 030 000 000 009 017 066 069 000 049 006 004 005 028 117 101 005 055 000 000 000 004 037 065 000 022 000 000 000 023 060 066 000 041 000 000 004 012 107 087 000 065 255 255 0 
17 37 26.047 121 142 142 131 111 129 140 138 075 071 076 087 168 105 069 103 000 000 005 004 043 031 001 028 000 000 000 002 050 035 000 050 007 004 007 016 133 063 005 075 000 000 000 005 068 031 000 026 000 000 001 006 052 031 000 037 001 001 012 011 115 055 001 067 255 255 0 
17 37 26.047 116 140 125 126 103 122 141 129 080 075 101 080 162 111 080 114 001 000 011 008 049 031 001 027 000 000 003 005 051 032 000 040 008 006 020 020 125 069 006 068 000 000 000 006 091 045 000 025 000 000 000 005 045 030 000 028 000 000 011 008 085 051 000 026 255 255 0 
17 37 26.160 107 137 126 127 091 108 139 116 085 069 108 076 160 113 071 112 008 005 014 013 088 068 006 036 000 000 005 004 047 041 000 027 007 006 026 022 111 071 006 048 000 000 000 007 118 061 000 019 000 000 000 005 046 034 000 022 001 001 014 015 072 050 001 036 255 255 0 
17 37 26.160 116 142 123 121 079 100 141 125 081 068 095 085 143 116 074 091 011 007 011 020 115 065 008 030 000 000 000 003 042 033 000 024 008 005 011 018 075 055 005 054 000 000 006 006 119 058 000 035 000 000 000 001 038 031 000 021 001 001 006 012 054 045 001 038 255 255 0 
17 37 26.257 117 138 154 122 072 095 139 114 086 075 080 093 118 109 075 090 004 001 003 035 121 064 002 007 000 000 000 021 050 032 000 010 008 006 010 023 069 052 006 041 000 000 000 007 113 061 000 031 000 000 000 005 045 037 000 022 000 000 001 007 055 041 001 037 255 255 0 
17 37 26.257 110 135 125 114 076 095 136 102 085 077 080 096 091 098 080 107 005 003 010 013 121 066 004 041 000 000 000 001 034 031 000 023 007 006 009 019 055 045 006 054 000 000 000 008 118 064 000 049 000 000 000 003 071 048 000 022 001 001 002 010 044 038 001 035 255 255 0 
17 37 26.371 111 134 112 110 097 100 133 110 086 081 082 097 074 093 085 098 010 006 010 017 120 077 007 024 000 000 004 002 060 045 000 011 008 006 011 017 048 040 006 040 000 000 000 005 101 061 000 007 000 000 014 003 081 049 000 000 000 000 001 007 049 032 001 023 255 255 0 
17 37 26.371 113 143 148 124 129 115 145 120 082 073 084 091 070 091 075 092 011 006 035 019 105 071 007 050 000 000 028 003 063 050 000 016 007 004 009 015 049 036 004 015 000 000 022 004 077 052 000 000 000 000 062 005 081 052 000 000 001 001 005 009 039 036 001 026 255 255 0 
17 37 26.470 110 140 144 120 130 119 140 114 076 072 061 092 073 086 075 092 008 005 042 015 096 063 005 011 000 000 042 009 101 053 000 003 007 005 006 017 043 036 004 016 000 000 011 005 062 045 000 007 000 000 046 006 100 059 000 008 001 000 015 006 040 045 000 019 255 255 0 
17 37 26.470 120 147 162 130 157 129 150 125 077 071 060 092 073 088 074 087 008 004 019 012 066 077 006 057 000 000 013 007 089 099 000 034 009 006 011 018 039 083 005 033 000 000 000 004 049 075 000 036 000 002 012 012 098 109 002 048 001 001 036 010 052 096 001 026 255 255 0 
17 37 26.584 118 147 154 129 163 153 148 121 076 074 070 083 063 108 078 095 008 004 005 010 053 084 005 027 000 000 001 013 094 106 000 010 009 006 007 018 048 088 005 019 000 000 000 003 046 073 000 010 000 000 000 003 090 101 000 000 001 001 002 009 073 107 001 009 255 255 0 
17 37 26.584 120 147 176 129 168 151 144 118 077 070 057 077 078 113 070 074 011 007 015 020 053 084 007 041 000 000 000 005 096 106 000 015 006 004 007 019 068 108 005 028 000 000 000 003 042 079 000 012 000 000 008 007 090 099 000 012 001 001 002 013 088 115 001 012 255 255 0 
17 37 26.584 121 151 130 132 174 157 154 122 083 068 091 084 107 128 066 079 013 007 013 022 054 087 008 016 000 000 006 011 087 104 000 000 010 008 030 024 083 120 006 019 000 000 004 007 047 088 000 000 000 000 012 006 067 095 000 000 001 000 008 012 092 119 001 006 255 255 0 
17 37 26.684 114 151 151 128 156 148 146 129 084 066 092 085 126 137 065 076 011 008 013 021 050 084 008 022 000 000 000 010 069 091 000 004 009 007 044 025 094 115 007 024 000 000 004 006 046 077 000 016 000 000 003 005 052 076 000 030 001 001 021 015 101 101 001 049 255 255 0 
17 37 26.684 126 155 130 131 144 125 151 145 086 068 099 083 129 124 067 076 012 009 013 019 045 061 009 019 000 000 011 005 060 053 000 036 011 008 036 024 099 070 008 050 000 000 013 003 037 034 000 021 003 001 009 011 048 036 002 037 001 001 010 009 092 058 001 037 255 255 0 
17 37 26.797 116 150 143 130 122 108 148 133 075 060 063 082 133 119 066 091 012 009 027 021 043 068 008 031 000 000 010 007 053 062 000 026 008 006 058 028 105 100 006 057 000 000 005 007 060 079 000 017 000 000 000 004 045 063 000 016 001 001 011 014 091 090 002 030 255 255 0 
17 37 26.797 125 149 120 124 113 121 159 147 076 072 099 092 146 134 079 111 012 009 016 022 061 094 008 029 000 000 000 007 052 073 000 029 012 011 014 038 109 108 011 036 000 000 001 008 071 105 000 016 000 000 000 007 048 076 000 026 003 002 005 021 077 097 003 055 255 255 0 
17 37 26.894 121 150 153 129 103 128 149 133 076 066 063 081 132 133 069 101 013 010 012 026 074 104 006 031 000 000 000 008 037 072 000 021 009 007 009 034 085 094 008 054 000 000 022 011 080 082 000 014 000 000 004 010 040 053 000 003 001 001 013 017 058 065 002 010 255 255 0 
17 37 26.894 119 155 111 128 095 108 154 124 076 068 104 087 133 118 079 105 013 009 064 027 087 110 008 013 000 000 003 007 046 078 000 023 013 011 020 028 067 092 010 053 000 000 018 010 086 111 000 044 000 004 017 017 037 089 000 022 000 000 012 007 054 086 002 036 255 255 0 
17 37 27.007 125 150 126 122 091 126 143 121 080 068 092 089 101 118 061 101 004 010 126 081 101 108 010 054 000 000 054 035 042 078 000 014 010 007 020 048 055 086 008 046 000 000 069 079 106 111 000 025 000 000 054 053 060 098 000 021 001 001 010 032 049 080 000 013 255 255 0 
17 37 27.007 121 145 149 127 099 130 142 125 072 074 065 085 086 113 079 084 010 007 063 015 106 069 011 024 000 000 054 000 034 028 000 000 008 009 012 024 049 040 010 021 000 000 032 005 089 036 000 000 000 000 024 003 066 028 000 000 001 001 010 007 047 027 001 006 255 255 0 
17 37 27.104 133 155 135 131 111 121 155 131 072 061 053 091 081 092 073 098 004 001 066 010 096 060 009 039 000 000 098 005 063 028 000 016 009 005 015 020 048 029 005 012 000 000 027 008 078 041 000 004 000 000 096 004 085 038 000 011 002 002 053 010 041 024 001 007 255 255 0 
17 37 27.104 132 144 153 130 135 109 151 125 066 051 060 070 068 078 055 068 007 010 049 075 122 090 006 032 000 000 074 055 103 099 000 010 000 000 036 038 056 070 000 008 000 000 019 051 079 083 000 001 000 000 094 014 122 102 000 030 001 001 091 042 047 074 001 026 255 255 0 
17 37 27.217 121 143 189 166 180 141 145 118 048 056 103 076 064 091 061 082 014 012 057 028 082 090 012 057 000 000 112 083 124 102 000 021 001 001 068 068 059 068 000 022 000 000 015 027 060 061 000 025 000 000 044 005 119 082 000 039 000 001 058 008 052 055 001 023 255 255 0 
17 37 27.217 141 156 154 161 177 140 161 134 057 060 092 092 066 087 059 070 016 012 037 069 080 082 018 067 000 000 084 016 118 093 000 022 004 004 104 056 058 065 000 025 000 000 035 048 056 055 000 032 000 000 061 093 142 086 000 022 001 001 107 117 119 095 000 018 255 255 0 
17 37 27.217 126 162 130 158 189 149 160 134 059 056 115 110 084 080 050 066 013 010 038 068 066 048 012 044 000 000 068 109 148 053 000 024 000 000 108 122 102 034 000 017 000 000 041 074 062 029 000 028 000 000 043 098 113 044 000 039 001 000 080 119 121 042 001 027 255 255 0 
17 37 27.322 135 167 105 156 192 149 156 141 075 078 103 127 124 110 077 093 016 011 031 066 063 066 001 041 000 000 039 096 130 071 000 036 001 001 098 126 139 065 000 024 000 000 055 083 063 041 000 023 000 000 037 093 105 059 000 042 002 001 098 129 133 067 000 035 255 255 0 
17 37 27.322 123 147 107 143 161 136 146 128 071 073 143 152 145 112 067 079 009 006 070 078 065 058 007 029 000 000 050 088 107 067 000 012 000 000 088 119 144 067 000 016 000 000 064 078 065 038 000 019 000 000 028 076 079 056 000 000 002 002 082 122 159 080 002 008 255 255 0 
17 37 27.436 132 152 098 132 136 127 152 136 064 068 118 144 160 117 067 080 011 010 051 074 059 054 011 038 000 000 020 071 086 048 000 021 000 000 082 119 142 046 000 006 001 001 062 095 065 024 000 001 000 000 018 070 070 033 000 002 000 001 026 101 123 062 001 004 255 255 0 
17 37 27.436 122 147 097 126 126 098 149 114 073 070 140 154 147 120 071 081 012 011 109 103 069 078 006 013 000 001 048 074 065 073 000 001 000 000 082 120 121 104 000 010 000 000 079 114 072 080 014 041 000 000 014 067 060 062 000 000 001 003 042 067 107 098 002 011 255 255 0 
17 37 27.533 120 135 082 104 100 103 139 129 067 085 139 150 169 128 089 089 010 010 130 047 060 062 011 023 000 000 034 003 048 047 000 009 000 000 063 003 092 071 000 012 003 010 135 019 072 062 006 024 000 000 052 003 041 029 000 000 001 002 039 029 084 034 002 011 255 255 0 
17 37 27.533 132 155 103 133 113 118 157 125 059 062 119 071 137 086 066 079 017 017 150 044 078 048 019 031 000 000 047 011 045 013 001 002 002 003 048 017 086 053 003 015 010 009 134 017 083 054 005 019 000 000 040 017 041 023 000 000 003 004 023 010 063 054 003 010 255 255 0 
17 37 27.646 127 149 110 119 102 106 149 122 050 060 095 065 121 103 064 067 014 014 156 026 085 089 015 026 000 000 074 000 037 047 000 004 001 001 033 004 066 061 002 014 002 005 125 016 086 080 006 033 000 000 104 000 031 044 000 002 003 003 028 010 050 057 006 030 255 255 0 
17 37 27.646 126 153 127 131 097 102 156 128 057 064 076 079 114 105 069 099 014 012 144 026 093 105 019 037 000 000 096 000 035 045 000 008 000 002 023 011 055 057 006 007 007 006 104 040 100 083 006 024 000 000 120 014 044 037 000 000 000 003 023 007 052 027 002 008 255 255 0 
17 37 27.646 132 153 141 137 101 117 159 135 060 079 063 086 097 101 077 072 017 015 129 027 101 076 015 022 000 000 125 003 037 024 000 000 000 001 022 013 052 033 000 000 007 008 071 018 094 054 003 013 000 000 135 001 053 035 000 000 001 002 035 006 048 024 002 008 255 255 0 
17 37 27.746 118 141 166 135 104 114 153 126 056 062 048 071 074 086 061 082 009 009 088 015 099 045 011 014 000 000 134 003 047 014 000 000 000 000 008 001 042 026 000 000 011 007 049 025 093 067 007 023 001 001 060 004 074 046 000 020 003 002 012 011 045 042 006 018 255 255 0 
17 37 27.746 135 158 193 145 141 128 157 140 054 059 048 066 064 072 060 086 010 010 058 020 099 036 010 023 000 000 074 009 084 015 000 008 000 000 004 001 039 019 000 000 000 000 025 000 069 020 000 012 000 000 077 003 098 040 000 003 006 006 008 014 049 035 008 034 255 255 0 
17 37 27.860 129 157 134 141 164 136 165 130 052 045 063 065 058 068 044 062 022 025 033 034 097 060 038 042 000 000 023 000 085 030 000 000 000 001 010 001 038 031 006 032 000 000 000 004 062 034 001 016 007 008 063 017 112 032 006 032 014 013 036 027 049 045 026 047 255 255 0 
17 37 27.860 134 161 160 144 176 142 158 137 027 034 028 034 050 074 033 032 020 022 025 023 075 084 028 026 005 004 003 001 099 060 000 018 003 003 005 006 039 052 012 024 000 000 000 000 046 059 001 030 014 026 066 023 131 110 013 055 072 062 096 067 107 111 045 060 255 255 0 
17 37 27.956 122 149 141 148 185 154 169 150 033 033 026 031 054 087 031 051 017 016 016 003 051 079 024 057 003 008 062 013 128 106 001 053 001 001 000 001 063 093 004 032 000 000 000 001 044 072 000 036 015 016 052 016 108 108 021 065 101 086 125 123 139 136 096 089 255 255 0 
17 37 27.956 073 064 078 093 163 137 082 130 001 000 011 011 050 086 012 052 000 000 000 004 050 077 006 065 008 005 047 018 111 114 007 109 013 009 027 033 077 105 009 077 000 000 000 007 052 081 018 069 011 018 030 034 100 111 027 106 194 174 178 175 199 178 168 174 255 255 0 
17 37 28.069 000 000 004 038 117 054 000 077 001 004 029 000 073 042 000 052 000 000 002 000 039 032 000 051 001 001 001 001 080 061 000 088 012 011 005 011 078 089 005 085 007 011 000 008 038 071 010 063 026 021 040 036 077 093 026 104 171 162 169 159 186 161 164 184 255 255 0 
17 37 28.069 000 003 039 001 082 078 011 069 013 003 020 023 105 086 000 058 000 000 000 000 039 055 000 041 000 000 006 000 068 079 000 063 028 027 040 033 121 111 021 076 000 000 001 000 036 082 000 046 016 023 033 021 060 094 020 083 176 085 117 100 162 145 092 129 255 255 0 
17 37 28.173 000 000 000 000 066 067 000 063 007 008 012 023 104 094 004 077 000 005 008 024 043 076 010 053 000 000 000 000 055 081 000 068 000 000 002 000 111 113 000 083 000 000 000 000 054 094 000 058 005 008 013 018 052 088 006 078 123 091 089 106 160 145 092 142 255 255 0 
17 37 28.173 000 000 000 000 058 036 000 051 000 001 000 000 098 078 000 071 011 012 016 023 057 052 012 064 000 000 000 000 042 052 000 064 000 000 000 000 108 092 000 078 000 000 000 000 082 090 000 058 001 003 008 010 045 077 003 066 120 084 083 102 140 129 090 143 255 255 0 
17 37 28.286 009 008 011 022 059 089 009 073 000 000 000 000 112 110 000 080 011 012 014 027 091 108 011 072 000 000 000 000 041 081 000 060 004 006 004 005 106 107 001 090 000 000 016 000 105 112 000 072 009 014 020 021 052 092 013 072 123 092 103 095 118 132 094 145 255 255 0 
17 37 28.286 000 000 000 000 042 075 000 063 004 005 009 013 112 106 006 099 009 013 018 030 123 119 012 088 000 000 000 000 039 084 000 058 000 000 000 005 081 101 000 086 000 000 001 000 111 121 000 080 007 009 009 014 054 101 017 070 125 091 092 103 103 128 093 133 255 255 0 
17 37 28.286 000 000 000 000 039 074 000 059 004 006 035 011 094 102 006 097 006 007 012 018 124 118 010 084 000 000 000 000 038 084 000 060 010 013 018 024 064 089 013 096 000 000 000 001 087 111 000 088 008 010 021 024 045 096 020 078 123 098 105 109 098 117 100 134 255 255 0 
17 37 28.387 000 000 000 000 038 077 000 060 004 004 006 012 070 096 005 092 000 000 001 001 104 112 000 088 000 000 000 000 033 084 000 061 011 013 018 027 057 089 010 083 000 000 014 020 127 118 008 095 009 012 022 027 082 105 016 074 132 097 113 113 077 116 097 121 255 255 0 
17 37 28.387 000 000 000 000 038 067 000 058 004 005 007 013 061 076 006 087 000 000 000 000 122 099 000 089 000 000 000 000 070 079 000 062 000 005 000 021 058 074 010 079 000 000 002 005 113 100 000 089 018 021 030 032 123 112 020 074 134 090 109 104 072 104 093 115 255 255 0 
17 37 28.500 000 000 000 001 046 024 000 057 004 006 008 020 055 046 007 083 000 000 000 006 100 081 000 089 000 000 000 001 060 072 000 065 009 011 016 031 057 061 012 076 000 000 001 006 088 071 001 088 009 011 025 032 098 090 015 097 134 093 115 116 084 100 096 119 255 255 0 
17 37 28.500 000 000 000 003 060 077 000 063 005 005 010 028 056 070 007 076 001 001 003 013 095 095 002 090 000 000 000 003 076 104 000 066 003 004 010 017 043 081 004 061 000 001 002 005 067 090 001 082 014 016 024 027 099 116 019 100 128 092 103 106 077 119 089 113 255 255 0 
17 37 28.596 000 000 000 001 074 094 000 067 004 005 009 016 045 079 007 070 001 001 003 008 070 092 001 085 000 000 000 004 118 111 000 082 004 005 008 012 048 069 005 067 000 000 000 001 050 073 000 067 017 020 033 044 150 121 019 088 126 090 096 101 126 129 092 112 255 255 0 
17 37 28.596 000 000 000 005 119 111 000 062 004 004 009 014 051 086 005 058 000 000 000 002 059 086 000 071 000 000 000 003 101 111 000 069 001 001 002 003 045 091 001 043 001 002 003 006 054 086 002 058 013 022 026 037 127 124 020 086 125 095 097 100 131 142 096 111 255 255 0 
17 37 28.711 000 000 000 000 103 111 000 053 005 006 009 012 049 091 007 052 000 000 001 003 050 080 001 062 000 000 000 001 110 111 000 079 005 007 011 014 089 105 004 060 000 000 000 002 046 083 000 053 011 014 016 037 115 114 015 100 128 085 082 092 148 147 083 122 255 255 0 
17 37 28.711 000 000 001 021 108 108 000 067 004 006 006 017 064 096 005 052 000 005 005 019 053 086 006 066 001 001 004 012 106 109 002 079 002 003 004 016 096 112 006 066 001 001 002 016 044 084 001 053 016 022 028 053 098 108 025 095 129 086 080 097 152 144 089 126 255 255 0 
17 37 28.808 000 000 000 023 109 099 000 067 004 005 007 032 098 060 005 062 000 000 000 019 049 040 000 048 001 003 004 028 095 069 002 077 006 008 011 043 117 081 008 070 001 002 002 016 043 054 001 046 018 023 030 050 072 074 023 093 132 091 089 102 176 130 093 145 255 255 0 
17 37 28.808 000 000 004 001 081 061 000 069 002 007 021 019 110 074 007 075 000 000 002 000 040 039 000 048 000 000 012 001 063 055 000 072 004 005 023 009 119 069 001 085 001 002 004 006 049 041 001 054 020 031 042 053 066 063 032 089 131 087 093 092 164 122 088 136 255 255 0 
17 37 28.921 000 000 014 001 066 072 000 063 003 005 021 016 113 104 003 082 000 000 000 000 035 077 000 049 000 000 000 000 047 082 000 066 004 006 008 012 121 112 004 057 001 002 002 007 061 096 001 006 020 024 035 049 058 090 024 047 137 090 093 104 145 135 093 109 255 255 0 
17 37 28.921 000 000 001 001 055 081 000 001 005 007 012 025 095 114 007 025 000 000 000 000 035 085 000 000 000 000 000 005 050 076 000 001 003 004 007 018 092 104 004 010 001 002 002 013 075 101 001 005 015 021 024 040 051 088 021 036 139 098 094 105 126 131 096 104 255 255 0 
17 37 28.921 000 000 000 004 050 073 000 039 004 005 008 026 099 106 005 080 000 000 000 002 059 095 000 037 000 000 000 003 045 079 000 042 003 005 007 019 090 100 006 080 001 001 003 013 089 108 002 060 012 017 022 037 055 093 017 060 137 089 091 104 109 125 091 128 255 255 0 
17 37 29.025 000 000 000 001 043 076 000 033 004 007 010 025 099 108 008 079 004 006 007 015 090 111 006 070 000 000 000 003 044 084 001 052 001 005 010 019 072 095 003 081 003 006 009 024 093 117 005 092 014 019 026 044 052 097 020 070 134 091 095 101 098 119 092 126 255 255 0 
17 37 29.025 000 000 000 011 044 075 000 023 006 007 013 030 091 100 008 052 004 003 006 034 088 108 004 034 000 000 000 017 042 080 000 021 004 005 008 038 067 089 005 025 001 001 003 052 104 110 001 023 018 023 038 054 073 103 025 053 134 090 092 092 085 113 090 104 255 255 0 
17 37 29.138 000 000 000 021 049 077 000 029 004 006 012 035 068 090 005 073 003 004 007 014 098 108 000 070 000 000 000 002 038 088 000 044 002 002 004 011 050 084 006 070 000 000 001 008 090 106 000 076 019 025 036 048 084 113 025 070 134 085 091 093 080 111 087 111 255 255 0 
17 37 29.138 000 000 000 001 033 078 000 050 005 006 011 016 049 081 006 081 000 000 001 002 088 101 000 084 000 000 000 002 054 090 000 051 006 004 010 019 052 081 007 064 000 002 002 007 092 094 001 084 018 021 028 054 110 117 022 080 141 090 089 100 079 116 093 109 255 255 0 
17 37 29.234 000 000 000 001 047 090 000 032 004 006 008 015 056 084 006 064 000 000 000 002 093 106 003 071 001 000 000 002 071 108 000 045 002 002 003 009 041 084 006 055 000 000 001 026 079 101 001 063 018 025 035 054 125 130 025 073 138 088 084 091 075 120 088 091 255 255 0 
17 37 29.234 000 000 000 007 075 096 000 031 004 006 016 028 051 083 005 054 000 000 026 047 096 097 000 070 000 001 029 024 082 106 000 054 001 000 007 025 045 084 002 045 001 002 016 028 067 092 002 070 017 022 047 060 118 126 023 100 141 093 086 081 083 124 094 105 255 255 0 
17 37 29.348 000 000 012 058 087 105 000 042 004 006 009 029 052 087 007 054 000 000 008 044 073 090 000 069 000 000 018 059 096 108 000 070 000 000 002 021 044 086 000 046 006 007 022 043 060 086 001 063 017 020 048 089 126 124 022 092 135 088 085 095 113 130 090 098 255 255 0 
17 37 29.348 000 000 017 046 110 108 000 058 005 007 011 028 051 088 008 050 000 000 000 030 062 086 000 058 000 000 004 062 122 111 001 066 001 003 002 030 061 090 001 047 002 003 002 030 059 079 003 063 018 022 033 079 136 114 023 108 137 089 087 112 139 136 090 120 255 255 0 
17 37 29.444 000 000 000 048 104 098 000 071 004 006 011 036 056 079 007 062 000 000 000 025 052 074 006 053 000 000 000 042 108 105 003 060 005 007 010 049 085 106 007 054 001 001 002 026 049 080 001 029 015 023 030 083 117 114 027 077 138 091 090 124 145 145 095 107 255 255 0 
17 37 29.444 000 000 000 045 104 101 000 061 004 007 010 047 082 100 005 057 000 000 000 022 055 083 000 052 000 000 000 044 096 100 001 080 003 008 007 061 099 105 005 076 000 000 001 023 053 077 000 036 019 024 030 068 090 098 028 090 139 097 102 139 158 146 100 132 255 255 0 
17 37 29.558 000 000 000 059 103 095 000 067 002 004 007 051 092 077 005 066 000 001 000 021 052 059 000 051 000 000 000 048 081 079 000 073 004 005 007 068 117 105 006 083 000 000 002 021 050 066 001 052 024 028 035 064 065 078 030 095 134 091 096 133 170 131 089 137 255 255 0 
17 37 29.558 000 000 000 001 071 070 000 067 003 004 009 014 101 099 004 054 000 000 000 000 038 063 000 035 000 000 000 007 066 073 000 063 002 001 006 016 108 104 004 087 000 000 000 003 040 071 000 051 021 024 027 028 058 077 031 089 126 099 094 101 165 138 094 155 255 255 0 
17 37 29.558 000 000 000 006 069 076 001 064 005 010 012 022 144 117 006 110 000 000 000 000 027 072 000 037 004 003 004 006 052 068 001 062 000 000 002 002 129 114 000 111 000 000 000 000 059 063 000 056 000 000 000 000 036 042 000 044 118 092 112 103 160 115 087 141 255 255 0 
17 37 29.658 033 050 040 043 064 064 002 045 002 000 018 003 155 120 001 095 001 000 005 000 069 064 000 038 069 053 057 084 068 071 072 075 001 004 012 009 122 068 012 117 015 006 003 003 101 082 000 067 000 000 000 000 032 035 000 031 069 104 059 084 118 099 057 134 255 255 0 
17 37 29.658 096 097 100 109 079 105 136 077 060 039 069 154 184 143 115 167 220 122 235 138 120 049 000 048 094 000 000 013 052 040 079 082 105 178 065 122 154 114 092 145 140 046 232 138 176 129 045 118 124 004 066 020 039 050 001 025 055 006 037 004 065 066 062 112 255 255 0 
17 37 29.771 055 004 067 044 052 055 047 043 081 092 086 103 125 078 017 047 084 022 114 082 097 053 001 004 052 003 082 088 072 058 122 098 106 054 071 073 085 083 080 113 093 018 107 085 110 091 009 033 030 001 086 044 040 036 000 023 098 008 052 050 062 058 048 090 255 255 0 
17 37 29.771 026 000 064 045 059 047 083 067 076 060 082 097 107 078 060 069 125 049 126 074 168 123 015 002 047 004 085 063 055 090 050 025 059 085 088 097 086 101 110 169 105 040 109 110 186 120 044 013 066 016 105 029 094 053 000 000 025 022 071 065 060 050 058 043 255 255 0 
17 37 29.871 075 048 100 069 058 067 155 169 065 010 062 040 063 069 027 048 076 044 112 075 183 104 033 004 095 013 098 036 075 026 005 025 105 143 112 154 095 127 179 213 101 030 100 056 139 107 122 107 131 021 120 047 132 066 005 000 117 063 104 096 062 066 105 120 255 255 0 
17 37 29.871 103 001 094 034 065 053 000 000 054 002 057 034 055 053 020 059 082 009 085 046 160 106 032 069 123 030 112 041 113 030 000 015 123 178 116 120 066 121 166 089 084 044 092 037 107 088 046 136 133 038 129 088 171 073 009 091 111 000 073 038 052 018 000 024 255 255 0 
17 37 29.984 122 069 130 084 131 064 013 053 123 101 099 060 077 117 124 076 067 017 086 091 142 105 033 080 113 012 116 112 178 110 000 065 096 057 081 053 055 058 011 032 067 000 068 096 116 087 016 108 122 020 113 090 179 132 015 097 127 000 092 058 039 089 029 021 255 255 0 
17 37 29.984 117 006 103 106 166 089 000 008 103 099 095 080 059 081 141 122 071 000 064 072 104 081 046 013 106 016 108 112 177 132 004 000 112 109 111 083 057 090 110 077 067 000 059 052 071 075 002 003 086 010 103 133 199 148 003 003 122 070 126 126 123 133 079 071 255 255 0 
17 37 30.080 101 018 103 128 178 141 000 007 125 113 109 099 063 114 130 128 067 000 056 049 076 088 004 061 102 016 102 133 195 145 025 059 164 120 135 126 103 132 125 059 063 011 058 050 058 060 026 053 084 036 094 114 173 130 035 156 139 017 111 098 141 117 008 010 255 255 0 
17 37 30.080 096 022 100 110 186 120 009 078 147 113 120 094 091 094 107 055 067 000 054 051 062 061 001 052 121 090 116 146 200 151 082 129 152 093 139 131 153 129 076 045 108 116 082 049 054 068 000 027 064 002 086 088 138 096 008 168 132 001 113 088 168 096 024 164 255 255 0 
17 37 30.193 125 025 093 117 189 113 006 195 168 077 120 082 112 082 000 025 078 000 053 044 059 054 004 041 115 128 120 153 198 157 122 224 172 118 150 137 187 146 157 115 104 000 069 047 057 042 000 000 070 009 068 074 106 080 012 127 167 110 145 133 192 164 128 117 255 255 0 
17 37 30.193 090 015 086 094 168 116 012 061 129 095 141 141 165 143 074 064 065 000 064 043 049 066 000 010 096 098 103 110 150 134 134 102 118 052 126 114 177 158 033 039 079 000 073 043 047 013 001 000 033 000 068 074 083 027 016 020 102 128 134 157 207 138 116 092 255 255 0 
17 37 30.193 025 007 059 075 135 084 010 012 054 004 094 061 168 088 000 000 000 000 050 037 047 013 000 007 027 010 011 042 079 045 007 013 059 018 037 077 180 070 035 040 031 000 006 032 032 006 000 000 054 050 059 057 060 048 062 049 125 142 134 173 214 147 092 120 255 255 0 
17 37 30.294 000 000 051 057 096 027 002 004 024 007 100 083 173 030 014 003 000 000 068 041 045 010 000 000 000 000 048 040 058 026 017 020 084 051 103 120 188 092 045 041 014 005 094 043 073 005 000 000 079 137 104 098 070 086 055 081 113 096 107 131 176 124 104 105 255 255 0 
17 37 30.294 000 000 059 049 068 018 006 018 023 017 097 067 109 036 015 019 016 000 084 042 040 001 000 000 000 000 049 040 051 006 000 004 066 074 098 091 142 083 034 033 011 002 099 039 066 006 000 000 048 058 081 062 059 057 047 037 115 121 112 119 158 141 139 128 255 255 0 
17 37 30.408 039 000 039 048 057 012 006 006 026 010 074 079 178 032 015 006 033 009 011 036 119 003 000 000 057 045 040 043 055 040 003 019 057 005 027 072 128 037 015 025 041 001 061 084 163 019 000 000 038 033 047 049 048 041 039 028 166 176 178 159 148 172 184 170 255 255 0 
17 37 30.408 043 000 000 014 053 008 000 000 038 027 043 043 147 048 024 021 056 001 000 017 122 011 000 000 023 014 021 021 048 025 013 016 034 018 021 053 098 037 010 011 008 000 001 002 113 018 000 000 076 080 083 071 059 061 053 055 170 182 176 163 118 165 167 164 255 255 0 
17 37 30.504 011 000 000 026 043 004 000 000 002 000 000 045 101 013 000 001 003 000 000 067 145 007 000 000 012 000 000 025 041 002 000 000 025 017 022 057 073 038 028 030 005 000 063 003 152 007 000 000 053 055 067 060 103 063 059 061 131 170 164 137 088 168 175 167 255 255 0 
17 37 30.504 050 000 000 028 050 003 000 000 026 006 013 049 074 011 006 001 022 000 001 050 156 010 000 000 028 000 000 023 061 005 000 000 048 027 046 067 066 037 021 025 000 000 001 033 144 007 000 000 064 069 079 095 159 081 072 079 155 170 160 144 084 159 162 164 255 255 0 
17 37 30.617 064 000 016 025 049 002 000 000 021 000 018 037 061 007 000 003 044 000 001 049 142 007 000 000 074 004 006 041 073 006 003 004 042 026 040 048 056 030 022 022 052 000 043 040 113 004 000 000 076 079 092 106 160 085 087 088 110 153 110 112 066 112 125 127 255 255 0 
17 37 30.617 037 000 041 044 070 003 000 000 035 010 029 047 063 017 009 008 043 000 047 079 106 008 000 000 055 001 051 073 080 004 000 002 029 013 037 057 052 020 008 006 034 000 036 054 096 010 000 000 068 074 093 105 177 083 073 082 106 122 099 107 082 115 122 127 255 255 0 
17 37 30.714 000 000 042 036 114 008 000 000 032 008 026 042 051 026 007 005 041 000 036 021 105 013 001 000 004 001 053 005 114 017 000 000 015 002 033 031 055 026 001 003 001 000 029 007 068 011 000 000 076 071 095 092 182 085 074 075 113 131 114 113 110 139 141 134 255 255 0 
17 37 30.714 052 000 050 013 106 014 000 000 015 003 032 022 050 014 004 004 001 001 033 034 076 014 000 001 000 002 060 027 127 007 001 001 001 002 041 033 040 010 001 001 031 000 026 038 062 007 000 000 068 073 086 107 173 076 076 080 111 130 123 120 135 131 128 126 255 255 0 
17 37 30.831 076 000 060 029 121 011 000 000 077 005 052 037 054 017 004 004 054 000 036 044 064 011 000 000 070 000 067 062 153 016 000 000 045 000 069 044 079 014 002 002 036 000 042 040 053 009 000 000 061 068 092 100 147 080 072 080 121 123 135 130 151 128 126 123 255 255 0 
17 37 30.831 004 000 002 042 121 005 000 000 035 007 023 046 061 017 006 005 000 000 000 030 058 001 000 000 002 001 002 047 137 007 001 001 002 001 003 042 083 013 000 000 000 000 000 028 050 006 000 000 067 068 072 093 137 075 072 083 116 122 112 123 161 132 125 117 255 255 0 
17 37 30.831 008 000 000 040 123 012 000 000 015 003 016 042 082 010 006 005 000 000 001 028 053 010 000 000 030 000 016 044 115 018 000 000 015 002 035 059 132 018 004 004 000 000 016 033 045 010 000 000 065 068 056 085 104 069 068 076 109 117 121 131 163 125 120 114 255 255 0 
17 37 30.931 001 000 033 051 112 007 000 000 045 003 019 056 096 015 004 003 000 000 001 028 050 008 000 000 000 000 003 044 083 015 000 000 004 000 004 053 123 022 006 005 000 000 001 026 046 011 000 000 064 065 070 088 077 072 066 077 109 123 117 136 163 134 128 121 255 255 0 
17 37 30.931 010 000 000 033 081 014 000 000 019 005 017 043 094 017 005 004 020 000 000 000 035 010 000 000 000 000 000 001 056 014 000 000 021 003 008 009 091 015 001 002 012 000 000 000 031 002 000 000 067 068 069 071 073 064 070 081 109 129 117 125 169 135 131 118 255 255 0 
17 37 31.045 000 000 000 031 072 012 000 000 024 006 019 052 105 024 005 005 000 000 000 019 038 011 000 000 000 000 000 016 047 016 000 000 028 008 021 011 098 019 005 005 000 000 000 000 049 010 000 000 065 068 069 069 067 068 070 076 109 121 111 109 151 133 121 114 255 255 0 
17 37 31.045 000 000 000 000 044 003 000 000 018 004 016 018 100 011 005 005 000 000 000 000 036 000 000 000 000 000 000 000 041 000 000 000 009 003 007 009 091 006 002 002 000 000 000 000 068 013 000 000 066 066 069 072 058 066 075 081 101 118 104 104 116 125 118 111 255 255 0 
17 37 31.142 000 000 000 000 040 011 000 000 026 006 015 020 101 014 003 003 000 000 000 000 059 000 000 000 000 000 000 000 036 007 000 000 005 002 005 006 085 017 002 002 000 000 000 001 077 013 000 000 073 073 076 078 068 071 077 088 102 119 108 113 108 119 118 111 255 255 0 
17 37 31.142 000 000 000 007 048 005 000 000 010 003 011 025 096 021 004 003 000 000 000 001 080 006 000 000 000 000 000 000 035 007 000 000 025 008 025 022 072 018 007 007 019 004 016 016 098 007 004 004 075 072 079 089 059 070 076 091 108 122 109 110 098 119 122 109 255 255 0 
17 37 31.255 000 000 000 015 047 004 000 000 003 001 003 027 074 007 001 001 000 000 000 026 087 016 000 000 000 000 000 014 040 011 000 000 019 007 020 029 062 029 009 007 001 000 000 006 122 019 000 000 077 076 079 081 090 074 078 090 104 119 106 109 089 113 122 112 255 255 0 
17 37 31.255 000 000 000 000 031 004 000 000 007 001 012 046 071 013 002 001 000 000 000 046 102 016 000 000 013 000 001 027 040 009 000 000 026 008 018 041 054 011 006 004 000 000 000 049 103 017 000 000 073 072 078 092 110 078 073 087 091 114 098 103 074 109 113 104 255 255 0 
17 37 31.352 000 000 000 016 031 010 000 000 020 005 017 039 061 021 006 005 000 000 000 025 100 014 000 000 002 000 002 021 072 009 001 000 021 008 020 039 056 017 007 006 000 000 001 025 095 010 000 001 074 074 079 094 155 073 071 091 090 108 093 101 067 105 110 103 255 255 0 
17 37 31.352 000 000 000 011 042 008 000 000 019 004 016 030 056 014 004 004 000 000 000 020 105 010 000 000 004 001 003 035 070 009 002 001 047 018 050 057 053 031 019 016 003 002 003 047 087 011 001 001 068 068 071 109 135 069 069 082 092 121 098 092 064 115 124 113 255 255 0 
17 37 31.466 000 000 000 030 106 009 000 000 008 001 007 015 050 007 002 001 027 006 024 052 097 018 007 005 004 001 004 036 108 008 001 001 038 011 036 051 051 018 012 010 003 002 004 031 066 005 002 002 074 066 074 093 164 066 067 086 099 122 099 100 094 111 118 108 255 255 0 
17 37 31.466 000 000 000 037 100 012 000 000 011 002 007 020 047 009 003 002 033 009 026 044 072 021 008 006 004 002 004 009 115 014 001 002 023 007 019 018 040 017 008 006 001 001 001 004 050 010 001 001 076 072 074 101 173 081 073 088 099 120 104 107 143 120 122 109 255 255 0 
17 37 31.466 000 000 000 015 130 008 000 000 006 001 011 033 039 011 002 002 032 007 024 049 059 023 007 006 004 002 005 039 144 015 002 001 046 016 050 061 079 030 016 010 002 001 002 020 049 009 001 002 064 067 068 095 140 073 068 086 101 117 099 111 144 114 119 106 255 255 0 
17 37 31.566 000 000 000 029 125 011 000 000 017 003 011 033 056 010 001 000 031 007 028 051 061 018 007 006 004 001 004 040 105 014 001 001 020 007 018 056 091 013 004 004 002 001 002 032 046 007 001 001 077 070 080 099 125 076 074 090 105 121 109 138 153 125 122 105 255 255 0 
17 37 31.566 000 000 000 051 104 010 000 000 004 001 002 050 069 006 000 000 026 006 022 044 053 016 006 005 003 001 003 058 095 013 001 001 043 011 039 089 119 028 010 008 001 000 001 031 052 006 001 001 067 065 070 090 098 068 069 087 104 122 107 138 180 131 126 110 255 255 0 
17 37 31.686 003 000 000 046 103 011 000 000 000 000 000 048 087 011 000 000 029 006 023 046 056 015 006 005 002 001 001 044 079 009 000 000 035 009 040 076 125 025 015 010 001 000 000 027 040 006 000 000 064 066 071 088 073 065 068 091 097 125 106 133 177 134 128 110 255 255 0 
17 37 31.686 000 000 000 038 079 008 000 000 001 000 001 055 085 003 000 000 015 003 013 038 050 007 003 002 002 001 002 038 060 007 001 000 045 013 044 095 116 027 015 011 001 000 001 045 047 008 000 000 072 069 076 082 078 077 074 092 086 117 088 118 146 120 124 108 255 255 0 
17 37 31.782 000 000 000 034 055 009 000 000 000 000 000 045 073 009 001 000 029 007 028 051 047 016 007 005 001 000 001 036 054 009 001 000 046 014 039 095 119 038 017 012 003 002 003 059 060 009 001 002 073 076 074 078 070 083 081 098 091 114 094 118 145 119 116 104 255 255 0 
17 37 31.782 000 000 000 032 050 008 000 000 000 000 000 060 092 011 000 000 030 008 025 058 064 019 008 005 004 000 001 032 041 008 001 000 048 014 039 085 099 031 015 010 038 000 001 059 070 010 001 000 084 080 088 082 071 081 082 098 104 117 099 109 127 116 116 102 255 255 0 
17 37 31.895 002 000 000 029 052 008 000 000 000 000 000 046 091 013 000 000 021 001 003 043 087 015 003 003 030 000 000 023 050 008 000 000 042 013 034 065 095 030 014 012 065 000 000 048 102 012 001 000 101 084 095 096 060 082 082 101 113 120 103 114 108 121 121 104 255 255 0 
17 37 31.895 035 000 000 026 043 008 000 000 028 000 000 040 085 010 000 000 037 001 004 049 075 014 002 002 038 000 000 026 038 009 000 000 037 005 016 043 067 018 005 004 058 000 000 050 084 006 000 000 088 075 086 090 063 074 076 097 089 111 099 101 097 108 114 103 255 255 0 
17 37 31.895 020 000 000 025 036 005 000 000 017 000 000 035 062 003 000 000 042 002 011 058 081 009 003 001 005 000 003 031 041 003 001 000 031 003 017 041 053 014 005 009 057 001 001 063 157 005 000 000 109 073 086 107 137 078 074 097 103 110 100 096 061 105 112 100 255 255 0 
17 37 31.995 087 000 000 024 030 005 000 000 057 000 000 001 046 020 000 000 072 000 003 069 133 038 001 002 091 000 000 039 059 008 000 002 071 012 025 043 058 038 005 016 067 006 008 058 097 043 003 004 128 092 090 117 156 086 081 096 116 141 138 112 084 119 130 135 255 255 0 
17 37 31.995 103 000 000 000 037 009 000 000 095 065 088 051 052 026 102 005 083 063 059 077 121 077 046 053 119 001 062 075 123 033 000 000 065 005 033 045 057 034 013 007 066 030 056 082 111 079 066 074 121 084 106 125 153 092 079 104 139 107 109 124 078 145 149 148 255 255 0 
17 37 32.109 108 013 020 055 123 008 000 000 062 000 001 028 051 025 006 028 109 120 089 120 150 108 099 222 153 072 073 096 174 075 030 126 161 142 117 109 096 087 128 093 102 070 070 064 071 075 065 102 121 092 058 057 175 131 046 142 105 022 000 003 041 093 102 090 255 255 0 
17 37 32.109 102 045 033 070 171 098 018 093 084 000 004 025 034 046 000 031 069 015 025 054 106 090 069 114 128 017 041 069 179 082 034 118 184 135 142 124 049 075 054 077 079 009 003 023 057 053 008 059 095 041 039 061 192 051 031 128 156 101 139 125 123 079 070 100 255 255 0 
17 37 32.205 078 020 043 063 178 030 003 069 051 000 014 033 034 003 000 021 011 060 044 105 098 143 136 149 038 028 085 045 190 098 077 124 107 104 096 043 068 052 068 087 063 029 043 038 056 034 024 060 050 057 067 098 199 095 029 098 101 115 124 138 179 129 128 111 255 255 0 
17 37 32.205 085 002 048 038 183 051 031 043 044 010 035 016 019 009 000 019 032 000 020 056 054 045 033 068 072 037 076 057 189 081 052 082 094 098 117 093 145 084 040 048 049 019 041 015 043 022 011 035 041 009 045 013 138 051 010 041 106 120 125 074 181 123 121 119 255 255 0 
17 37 32.319 049 008 059 014 183 063 029 066 031 041 091 036 102 031 000 000 029 017 020 043 052 044 053 066 063 052 065 079 180 083 049 097 081 070 124 126 193 101 067 089 040 014 037 039 045 033 013 040 037 004 023 057 102 052 022 056 105 118 144 148 199 125 105 129 255 255 0 
17 37 32.319 016 001 042 071 184 046 003 064 019 015 046 033 148 048 002 021 045 041 029 045 046 038 044 060 001 000 029 051 116 061 013 061 096 057 103 110 186 110 109 122 026 004 026 020 036 018 007 029 039 006 021 025 056 028 004 064 150 147 152 159 218 157 128 159 255 255 0 
17 37 32.416 048 001 031 041 131 044 022 045 051 016 065 040 161 022 000 016 057 000 006 016 027 015 017 023 045 000 016 017 075 039 002 051 136 134 150 134 205 140 128 125 117 000 034 003 019 014 000 020 061 000 011 014 052 025 009 043 127 115 126 138 208 142 131 145 255 255 0 
17 37 32.416 070 002 020 051 098 050 012 044 081 022 065 068 181 094 014 043 102 008 015 030 029 033 003 026 058 000 012 001 045 031 003 045 134 150 155 143 218 160 130 148 131 011 051 000 070 025 001 020 074 000 009 025 040 021 000 030 105 099 095 137 204 131 099 155 255 255 0 
17 37 32.530 084 000 015 041 057 035 021 031 113 031 084 108 200 067 024 021 129 023 054 056 071 021 001 005 084 045 028 045 058 061 062 078 120 124 116 153 209 148 144 159 145 010 063 077 156 035 000 019 089 000 012 031 045 021 002 001 097 114 094 121 154 123 107 105 255 255 0 
17 37 32.530 073 000 011 033 051 023 007 024 087 033 060 096 194 080 030 033 122 023 059 070 136 035 000 012 077 002 014 022 041 020 001 001 106 160 125 149 193 166 177 181 126 011 076 078 180 077 027 022 103 000 009 024 030 019 000 003 113 143 152 127 130 134 144 143 255 255 0 
17 37 32.530 086 000 011 030 048 016 000 012 076 018 043 085 167 066 030 033 164 142 135 170 197 147 149 131 108 007 041 034 035 015 000 000 090 108 090 106 121 118 105 129 110 027 081 084 185 062 021 043 110 004 025 004 022 017 000 019 103 125 103 129 079 125 138 145 255 255 0 
17 37 32.633 092 000 011 001 030 019 000 001 061 001 026 034 101 055 019 021 140 108 115 098 185 118 091 086 110 002 021 000 016 013 000 018 103 115 104 103 083 116 148 151 104 001 042 007 178 057 001 027 119 000 023 000 074 021 000 022 108 098 103 111 077 115 131 138 255 255 0 
17 37 32.633 093 000 006 029 039 017 000 018 054 001 016 036 076 040 004 037 086 007 040 055 191 060 007 038 086 014 026 021 067 017 000 004 080 088 089 095 073 106 117 127 087 024 052 054 183 074 032 062 121 020 044 042 138 033 000 012 133 162 141 138 066 138 165 153 255 255 0 
17 37 32.747 105 003 017 022 049 019 000 020 058 002 017 031 058 029 021 059 096 044 063 092 193 089 050 074 125 030 048 051 115 028 000 012 128 164 153 132 077 149 160 145 075 004 037 063 128 043 003 060 066 003 031 075 165 043 000 014 061 058 057 040 041 047 035 049 255 255 0 
17 37 32.747 058 000 022 059 104 023 000 009 024 000 012 036 055 025 000 023 070 062 076 108 174 078 042 059 072 006 036 080 160 023 000 005 091 127 120 093 064 109 131 124 066 001 030 060 096 046 003 012 088 007 039 094 181 052 005 009 109 113 103 091 060 101 107 108 255 255 0 
17 37 32.843 058 005 048 074 149 014 000 000 021 000 014 036 046 005 000 004 055 053 055 090 129 067 061 061 082 027 086 102 178 024 002 000 082 127 092 084 057 105 121 112 057 006 046 049 072 023 007 010 021 010 075 107 193 031 007 009 107 126 111 122 116 117 132 127 255 255 0 
17 37 32.843 058 019 080 103 176 028 005 011 030 000 031 041 043 011 000 018 088 121 082 099 113 120 112 117 083 035 100 124 191 049 021 044 114 100 105 109 099 115 135 126 064 001 043 044 059 020 004 030 069 005 063 077 168 026 005 032 110 099 104 106 147 103 093 094 255 255 0 
17 37 32.957 027 004 060 050 139 018 001 025 036 000 036 031 043 011 000 016 038 051 040 061 067 062 059 084 001 002 064 053 149 022 002 032 161 148 128 127 142 137 142 131 000 000 041 025 048 014 000 024 010 014 057 048 131 034 016 042 144 146 134 148 191 155 161 142 255 255 0 
17 37 32.957 068 024 063 054 171 040 019 043 051 014 058 031 076 007 000 012 091 123 078 102 076 105 098 108 059 023 075 085 154 065 031 074 071 071 107 118 173 097 090 076 041 003 038 040 040 014 003 020 023 009 040 063 119 055 028 035 140 153 140 166 204 157 150 145 255 255 0 
17 37 33.053 029 017 049 050 177 043 007 009 031 003 061 043 121 024 000 000 025 001 017 029 044 024 020 060 045 002 023 043 127 037 003 009 110 130 117 143 197 128 108 111 022 000 041 029 039 018 000 000 004 001 023 040 076 037 011 015 119 118 130 145 199 136 116 122 255 255 0 
17 37 33.053 019 002 035 047 151 029 005 011 002 002 058 047 161 020 000 000 033 042 049 070 045 059 010 013 043 001 029 045 098 038 006 019 113 116 118 141 200 131 125 129 003 000 015 031 030 012 000 003 032 000 002 030 060 028 004 026 108 139 128 152 208 152 130 135 255 255 0 
17 37 33.166 050 000 005 044 109 025 010 017 050 013 016 055 158 032 010 008 082 100 116 092 055 096 101 094 051 000 001 031 062 025 007 015 103 092 107 134 206 109 101 098 056 006 001 027 058 010 000 000 025 000 000 025 046 014 003 013 107 154 154 159 218 159 137 140 255 255 0 
17 37 33.166 054 001 002 033 074 025 010 033 075 014 014 054 184 031 009 016 058 040 037 065 044 058 071 051 021 000 000 026 049 017 006 021 094 099 097 125 210 103 090 112 025 009 009 040 108 015 000 011 000 000 000 017 035 012 000 021 169 173 176 173 209 179 162 174 255 255 0 
17 37 33.166 081 053 057 065 061 065 044 070 039 005 010 047 190 048 013 043 047 035 068 086 133 087 105 097 004 000 000 018 041 010 000 019 077 076 076 105 179 093 077 092 017 009 009 043 163 022 001 009 012 000 000 019 034 008 000 004 106 177 178 165 163 184 189 188 255 255 0 
17 37 33.266 071 056 057 059 056 059 055 055 065 011 014 055 174 031 014 018 034 061 123 130 181 109 097 097 023 000 000 022 042 000 000 001 053 053 063 087 133 050 054 083 066 018 018 052 170 021 008 047 000 000 000 018 031 008 000 022 178 202 199 173 128 195 199 195 255 255 0 
17 37 33.266 000 000 000 020 037 004 000 025 002 006 009 047 130 028 013 055 035 038 033 095 190 099 129 114 056 000 000 019 034 003 000 015 064 064 078 089 092 091 082 103 032 018 016 063 192 033 019 029 052 006 000 022 046 006 000 006 138 169 172 142 089 163 172 172 255 255 0 
17 37 33.380 023 000 000 023 041 007 000 005 024 006 006 051 092 021 018 043 084 073 121 152 198 120 118 130 039 004 000 024 021 003 000 019 094 125 126 113 074 125 124 130 027 008 004 074 190 015 012 050 037 013 009 046 113 003 000 015 122 179 190 143 078 155 164 158 255 255 0 
17 37 33.380 012 001 000 020 028 000 000 011 000 000 000 032 052 018 018 054 090 093 091 132 206 094 092 114 053 031 021 052 088 000 000 018 071 090 088 081 059 092 098 100 050 019 016 053 165 056 037 080 039 031 026 050 161 027 006 025 147 152 159 141 072 147 165 153 255 255 0 
17 37 33.477 027 022 009 028 062 008 000 015 000 000 000 027 052 016 008 042 031 033 032 076 194 062 038 079 034 026 022 057 132 025 000 015 073 079 080 079 056 078 081 085 039 031 028 059 125 058 034 077 037 034 028 055 175 044 013 039 195 200 200 171 077 177 208 178 255 255 0 
17 37 33.477 017 021 037 037 120 023 000 016 000 000 011 017 035 015 004 033 015 025 043 061 148 051 026 065 015 022 056 057 165 047 012 032 073 083 065 080 047 091 100 099 018 013 034 046 086 030 014 034 010 019 028 075 182 064 031 058 173 172 170 137 084 155 167 153 255 255 0 
17 37 33.594 018 017 013 062 171 033 010 025 000 000 000 023 044 011 000 026 040 044 035 066 112 065 048 085 030 029 027 096 179 050 022 049 065 067 070 070 045 068 068 075 022 016 013 042 057 037 029 067 029 034 030 111 206 056 032 064 150 142 137 138 126 133 136 120 255 255 0 
17 37 33.594 022 018 018 096 179 048 021 040 000 000 000 020 035 012 000 003 003 010 010 040 065 039 028 035 023 028 025 102 203 052 025 058 098 098 088 104 093 091 087 087 081 084 087 072 056 084 091 101 029 028 025 094 198 063 030 042 172 129 129 155 179 136 135 138 255 255 0 
17 37 33.691 085 048 044 104 188 068 039 063 021 005 000 020 028 011 000 000 034 023 025 041 054 050 051 071 024 021 019 063 195 050 024 051 066 073 070 091 139 074 059 061 017 012 016 032 039 037 026 051 017 010 011 043 139 042 025 059 178 179 181 176 197 175 172 150 255 255 0 
17 37 33.691 049 030 029 062 193 061 033 055 046 016 013 025 090 014 000 010 042 028 026 039 056 042 026 049 054 036 042 071 177 063 039 074 097 090 088 106 180 108 088 090 047 005 000 016 029 012 000 021 018 005 008 042 098 044 029 054 155 157 156 163 200 158 158 160 255 255 0 
17 37 33.804 021 018 020 050 168 045 024 059 041 021 017 035 127 023 000 015 009 001 002 016 029 033 046 065 044 038 023 044 114 037 022 072 065 068 060 074 175 089 086 102 013 000 000 001 026 007 000 022 000 000 000 019 067 032 018 062 156 161 166 171 215 173 162 167 255 255 0 
17 37 33.804 047 024 022 046 135 050 034 084 055 025 023 040 147 037 011 039 025 023 024 034 038 035 034 045 068 057 054 072 086 069 053 095 109 105 106 122 198 117 101 122 058 020 015 032 028 048 060 060 040 010 007 030 053 019 015 057 155 168 169 171 219 174 164 174 255 255 0 
17 37 33.804 015 005 008 042 095 043 028 073 050 035 035 062 178 052 026 056 027 013 011 027 020 007 000 012 063 063 063 075 066 074 067 078 094 084 070 110 207 114 102 115 090 084 085 093 120 085 087 093 048 010 002 022 049 012 005 021 149 176 146 171 216 181 179 181 255 255 0 
17 37 33.905 018 000 000 029 059 015 005 025 023 015 018 061 188 048 014 022 026 007 000 023 072 008 000 005 006 000 000 026 047 024 009 029 084 080 086 120 195 099 069 073 011 002 004 043 148 025 002 013 001 000 000 021 040 008 000 015 152 153 158 153 161 159 157 164 255 255 0 
17 37 33.905 002 000 000 026 052 019 002 022 022 007 009 051 166 043 010 026 020 006 006 043 121 019 000 005 003 000 004 033 043 028 018 034 093 095 094 116 152 107 090 102 022 006 005 045 161 032 000 010 000 000 000 023 047 016 000 011 149 158 158 145 131 155 162 162 255 255 0 
