17 12 15.661 092 097 086 097 123 086 097 114 074 070 077 075 067 072 073 081 027 030 032 043 066 033 035 060 005 004 005 006 071 004 004 032 035 010 029 022 048 011 011 032 000 000 000 000 040 000 000 028 000 000 000 001 066 001 000 029 005 003 005 005 057 002 001 023 255 255 0 
17 12 15.661 089 098 099 101 136 090 099 124 065 066 073 066 065 068 067 079 026 034 037 033 055 037 036 060 003 002 004 004 069 006 003 032 034 011 027 023 063 014 011 031 000 000 000 000 039 001 000 025 000 000 000 001 063 002 000 030 006 003 003 002 061 005 003 026 255 255 0 
17 12 15.758 103 105 100 101 145 097 106 128 059 067 067 070 098 074 072 078 028 034 035 032 051 036 036 057 003 002 004 004 069 004 003 033 030 009 027 022 075 011 010 030 005 003 005 004 044 005 004 030 000 000 000 000 057 002 000 030 019 009 019 014 075 011 008 033 255 255 0 
17 12 15.758 110 107 105 103 143 101 107 133 061 062 072 067 101 066 067 076 021 025 025 021 050 024 025 048 000 000 000 004 064 004 004 035 025 009 026 024 073 011 011 034 009 006 006 005 047 007 005 032 000 000 000 000 049 000 000 029 011 006 011 011 072 006 005 034 255 255 0 
17 12 15.859 110 110 107 108 128 103 110 139 065 068 067 066 114 073 073 082 023 030 029 027 050 030 034 053 000 000 000 001 052 001 000 030 031 011 031 026 080 013 011 038 005 004 006 005 042 004 004 029 000 000 000 000 040 000 000 028 008 005 010 009 072 006 005 034 255 255 0 
17 12 15.859 110 111 111 111 122 106 113 135 065 070 075 073 115 072 073 088 023 031 029 030 050 032 032 050 001 000 001 000 043 000 000 029 029 010 027 024 079 013 010 039 009 007 010 009 053 006 005 030 000 000 000 000 040 001 000 026 010 006 012 011 074 008 006 038 255 255 0 
17 12 15.977 116 114 113 115 107 109 112 130 067 071 076 074 125 073 074 092 024 031 029 027 063 031 033 050 000 002 002 003 046 003 002 032 035 012 030 027 086 016 012 042 006 006 006 006 066 002 002 025 000 000 000 000 036 000 000 025 011 007 016 013 069 008 007 039 255 255 0 
17 12 15.977 117 111 112 105 095 100 108 129 064 068 074 075 124 069 066 089 025 030 030 032 071 029 032 047 000 000 000 000 036 000 000 025 030 010 033 026 079 013 010 041 000 000 000 000 062 000 005 032 000 000 000 000 036 000 000 023 013 007 018 015 061 009 009 038 255 255 0 
17 12 16.077 091 106 091 091 083 094 103 125 062 065 066 069 120 068 065 089 023 030 028 028 085 029 030 052 003 003 004 031 052 004 003 030 032 011 032 024 066 014 013 042 000 001 001 001 062 000 000 027 000 000 000 000 031 000 000 023 013 007 015 010 047 011 011 040 255 255 0 
17 12 16.077 111 107 108 106 088 100 106 119 051 062 064 059 093 065 064 086 021 035 032 031 091 034 035 057 005 006 005 005 044 005 005 031 029 012 027 023 059 013 014 043 000 000 000 000 067 001 000 028 000 000 000 000 041 000 000 023 020 011 021 016 044 012 012 039 255 255 0 
17 12 16.196 113 104 105 106 087 095 105 114 052 064 058 058 076 060 068 092 023 032 026 025 090 034 036 060 007 006 005 005 045 005 006 032 027 009 029 025 050 013 012 040 000 000 001 001 064 001 001 030 000 000 000 000 052 000 000 021 025 013 020 019 048 012 012 038 255 255 0 
17 12 16.196 102 101 100 099 097 093 103 120 047 070 057 064 066 066 069 093 018 034 024 025 088 031 034 057 014 010 026 021 068 011 010 032 028 012 032 025 047 013 012 039 000 000 000 000 062 000 000 031 004 002 005 004 064 002 002 026 015 008 021 016 041 008 008 031 255 255 0 
17 12 16.196 094 091 086 093 111 085 091 108 047 066 053 055 068 066 069 088 019 033 029 032 088 037 039 065 004 006 006 005 062 004 006 030 030 012 028 023 053 012 010 035 001 001 001 001 055 001 001 032 004 002 005 003 064 003 003 031 024 012 028 023 050 013 012 035 255 255 0 
17 12 16.299 103 095 097 097 128 091 096 108 044 063 051 052 059 059 065 081 022 038 031 031 082 037 040 064 003 003 004 004 067 005 005 031 025 012 029 023 051 013 012 035 000 000 000 000 045 002 002 032 003 003 006 004 068 004 003 031 011 009 015 012 051 008 009 031 255 255 0 
17 12 16.299 107 099 099 103 140 096 100 118 041 054 046 047 061 056 057 073 022 034 029 029 065 035 038 064 004 005 006 006 069 006 007 038 033 012 034 026 047 015 013 036 000 000 000 000 040 000 000 028 004 003 007 005 066 004 003 033 010 008 015 012 063 013 012 034 255 255 0 
17 12 16.418 101 097 090 096 132 092 098 120 043 054 046 049 060 055 056 070 025 041 031 034 055 038 040 061 003 003 005 005 069 004 004 034 035 011 038 032 063 016 014 035 000 000 002 001 041 001 002 029 006 004 007 005 065 003 003 033 024 012 031 021 072 012 010 034 255 255 0 
17 12 16.418 099 094 086 090 135 085 093 123 052 058 056 055 087 058 057 070 020 037 026 029 056 037 039 061 006 006 007 007 071 005 005 037 038 012 035 028 077 017 015 038 002 001 003 003 041 002 002 028 002 001 003 003 060 003 002 032 021 011 025 021 077 014 012 036 255 255 0 
17 12 16.518 091 093 086 088 125 087 096 122 054 064 069 068 105 069 066 076 020 035 025 027 049 036 038 059 003 003 003 004 062 005 004 038 030 011 036 029 077 015 014 038 002 002 003 003 041 001 002 027 004 003 007 005 056 003 002 032 024 013 029 025 078 014 013 041 255 255 0 
17 12 16.518 098 097 087 092 117 087 096 124 062 067 078 077 119 070 069 083 026 037 029 030 054 037 039 057 005 005 006 007 057 007 006 037 038 013 041 033 080 017 014 041 002 003 002 002 037 002 002 026 002 002 004 004 047 003 003 032 016 010 019 014 074 009 009 037 255 255 0 
17 12 16.636 088 094 082 084 100 083 093 128 063 068 073 072 114 069 069 087 023 036 028 028 046 034 035 055 004 005 005 005 049 004 004 034 040 014 041 031 084 015 014 042 002 001 002 001 046 002 003 027 001 000 000 000 041 001 001 028 007 005 009 008 068 006 005 037 255 255 0 
17 12 16.636 087 094 079 081 083 084 096 121 060 064 064 063 123 065 066 085 024 035 032 032 060 036 036 053 017 012 021 018 048 013 012 041 039 011 037 030 082 015 011 042 005 004 007 006 061 004 004 028 003 001 004 004 044 002 002 028 009 006 011 011 064 007 006 038 255 255 0 
17 12 16.636 097 097 085 087 090 086 098 122 057 065 065 066 121 069 069 093 026 040 032 033 074 040 041 053 013 009 019 018 044 012 011 037 024 007 020 015 074 007 005 035 006 004 008 006 067 005 004 029 004 002 005 004 042 002 002 027 007 004 010 009 053 005 005 035 255 255 0 
17 12 16.739 090 094 082 083 080 084 095 120 055 063 058 061 114 064 065 088 025 039 031 032 084 040 042 056 012 009 019 018 044 011 011 036 032 010 029 025 062 012 010 040 006 003 007 006 069 004 004 033 002 002 003 002 036 001 001 026 008 005 011 009 046 006 005 035 255 255 0 
17 12 16.739 090 094 081 083 078 085 095 118 054 063 058 061 096 063 067 092 028 041 032 033 088 041 044 063 011 008 016 015 050 009 008 032 032 010 030 025 052 012 010 039 005 004 007 007 074 005 004 033 004 003 004 003 046 002 002 026 007 005 010 007 052 005 005 034 255 255 0 
17 12 16.857 091 095 086 087 087 087 096 109 054 064 060 061 082 065 066 088 027 043 033 034 094 043 044 065 012 008 016 017 046 010 009 033 028 009 027 022 055 011 009 037 002 003 006 005 070 005 003 034 003 002 004 004 056 002 003 026 008 005 011 009 042 007 006 033 255 255 0 
17 12 16.857 092 092 081 084 089 084 092 110 054 062 061 061 071 066 064 085 025 040 033 033 094 044 044 067 011 009 015 015 063 009 008 029 031 010 027 024 044 013 010 035 005 004 006 006 069 005 004 035 004 002 004 004 064 003 003 027 008 005 009 008 040 006 005 032 255 255 0 
17 12 16.959 095 099 087 090 109 090 100 115 056 064 065 064 063 068 067 084 027 041 034 034 092 042 043 067 004 005 004 004 063 004 004 031 029 010 026 022 051 011 009 033 005 004 006 006 060 005 004 035 005 004 006 006 064 005 004 032 008 004 009 008 034 005 005 031 255 255 0 
17 12 16.959 089 097 082 083 121 086 098 110 052 060 063 060 064 065 063 082 024 041 029 032 075 041 041 065 003 005 004 004 063 005 005 032 030 009 027 026 046 012 010 033 004 004 006 005 053 006 003 034 002 001 004 004 065 003 002 031 006 004 007 008 039 005 005 030 255 255 0 
17 12 17.078 095 100 089 091 129 090 100 118 059 061 068 068 065 067 066 078 030 041 033 036 066 044 044 068 003 004 004 005 068 006 005 035 028 009 024 022 048 010 009 031 006 004 007 008 043 006 005 034 001 001 001 001 067 002 001 031 009 007 013 013 060 008 008 027 255 255 0 
17 12 17.078 084 097 084 085 133 086 097 121 058 064 070 067 069 068 068 082 032 039 035 037 061 042 043 066 003 003 003 003 068 003 003 033 030 010 027 022 061 012 010 030 005 004 007 006 048 004 004 031 000 000 000 000 063 000 000 030 011 007 014 013 069 008 008 030 255 255 0 
17 12 17.078 077 094 082 084 133 084 094 125 051 063 067 066 087 065 064 075 031 040 034 036 056 040 040 060 001 001 001 001 066 002 002 033 022 007 021 017 066 007 007 031 003 002 005 005 044 003 001 027 001 000 001 001 057 001 001 031 009 005 012 009 063 006 005 033 255 255 0 
17 12 17.182 079 095 086 085 130 087 098 126 067 065 071 074 104 070 069 084 026 033 030 032 046 036 036 057 000 003 000 004 063 003 001 033 020 006 020 018 068 008 007 032 002 001 002 002 038 001 001 026 001 000 000 000 047 001 001 031 009 005 010 009 071 006 005 035 255 255 0 
17 12 17.182 084 100 086 087 120 089 101 134 078 076 095 088 118 080 079 093 022 024 023 031 054 034 035 053 000 000 000 001 049 000 005 036 022 007 019 019 074 009 008 035 005 004 005 001 035 001 004 029 000 000 000 000 039 000 000 028 008 004 010 010 072 007 006 035 255 255 0 
17 12 17.300 085 097 082 088 099 085 094 130 077 075 088 085 127 084 078 097 026 032 032 033 044 036 037 058 001 000 000 000 041 001 000 030 031 011 028 025 076 015 012 038 004 001 007 005 052 001 004 028 000 000 000 000 039 000 000 025 009 004 009 009 070 005 005 034 255 255 0 
17 12 17.300 089 100 088 089 089 094 099 129 077 070 079 080 122 081 079 102 037 037 044 047 073 046 043 057 000 001 001 001 042 002 002 031 023 015 035 021 080 017 012 040 001 000 001 001 057 002 000 023 000 000 000 000 035 000 000 024 012 007 011 013 066 020 007 038 255 255 0 
17 12 17.400 100 100 100 102 101 100 101 128 080 078 083 085 128 088 081 100 030 031 033 035 073 035 031 049 004 004 005 005 044 007 004 028 032 011 026 019 077 029 014 040 002 001 001 003 058 006 000 025 001 000 000 000 035 004 000 024 015 011 025 020 060 017 011 041 255 255 0 
17 12 17.400 105 108 104 107 096 102 108 128 073 082 088 088 117 088 080 102 029 033 036 034 083 046 040 053 003 003 005 004 043 009 004 030 040 014 030 032 067 025 017 045 005 005 007 007 066 006 003 031 004 003 005 004 040 005 003 027 012 009 011 008 045 012 011 039 255 255 0 
17 12 17.518 103 112 097 106 094 106 109 125 070 077 077 083 106 090 078 099 028 034 035 033 083 045 040 058 004 006 006 003 041 008 005 031 029 018 039 032 054 029 017 046 001 000 001 001 062 006 002 028 005 004 007 005 047 013 003 028 010 006 014 012 049 019 008 034 255 255 0 
17 12 17.518 099 109 097 100 090 103 113 123 075 077 077 077 091 091 078 100 031 034 034 034 090 057 043 063 004 005 006 005 044 017 006 032 027 012 030 027 055 035 011 037 003 002 004 003 067 017 001 030 007 004 009 011 056 019 003 026 008 003 010 005 046 023 009 031 255 255 0 
17 12 17.518 103 108 096 100 100 104 107 122 070 070 073 073 076 082 069 090 028 028 029 031 093 044 028 050 004 002 004 003 052 015 002 026 038 014 032 031 056 025 010 034 004 003 006 004 065 023 003 031 006 003 007 006 064 018 004 028 008 004 009 006 047 017 003 029 255 255 0 
17 12 17.622 084 100 095 088 104 095 100 119 063 074 076 075 076 089 074 088 044 031 066 047 100 056 034 053 004 006 006 004 059 019 005 031 011 003 014 010 043 018 001 026 005 004 010 006 065 020 004 033 006 004 007 007 063 016 003 029 013 006 016 008 037 016 006 030 255 255 0 
17 12 17.622 109 112 106 106 132 112 107 121 081 074 089 082 078 090 078 093 046 037 049 050 088 054 039 062 003 003 004 003 064 017 002 027 000 000 000 000 037 013 000 022 004 003 004 005 053 018 001 029 006 003 006 006 068 017 003 029 004 002 007 005 048 015 003 025 255 255 0 
17 12 17.740 114 110 108 114 138 115 109 126 075 073 084 076 074 080 069 087 031 034 039 041 069 053 036 057 008 008 009 005 073 016 006 033 000 000 000 000 035 013 000 023 001 000 001 002 045 018 000 027 007 004 009 008 072 025 005 034 002 001 007 006 061 021 003 026 255 255 0 
17 12 17.740 120 117 125 119 154 122 115 133 079 073 096 078 087 084 069 083 040 036 059 040 055 054 033 053 005 001 020 003 074 019 004 031 002 002 036 001 051 013 000 020 000 000 000 000 039 016 000 024 007 004 006 005 076 023 003 032 007 003 025 006 071 017 002 024 255 255 0 
17 12 17.840 113 117 112 136 152 124 119 142 071 070 074 075 095 082 069 083 028 023 029 029 056 038 026 046 003 003 001 002 078 018 005 032 000 001 004 000 056 015 000 019 007 005 008 009 044 019 007 030 001 000 001 001 058 013 000 026 010 005 011 011 064 020 003 026 255 255 0 
17 12 17.840 118 116 111 113 138 128 122 141 073 073 071 076 110 089 071 082 035 034 037 038 057 052 035 049 000 000 000 005 067 018 000 028 006 006 016 010 069 022 001 025 005 003 008 007 048 019 005 028 003 002 001 009 051 015 000 025 007 003 015 013 076 021 004 028 255 255 0 
17 12 17.957 101 109 103 101 127 115 111 141 077 076 096 080 116 091 069 081 031 025 045 029 052 042 038 049 000 000 003 005 057 019 000 026 030 009 044 034 076 030 012 029 000 000 000 000 033 010 000 022 000 000 000 028 052 012 000 024 009 004 010 008 067 017 000 026 255 255 0 
17 12 17.957 093 098 093 106 118 112 097 126 064 055 055 052 106 071 060 072 035 032 038 050 054 053 035 046 025 007 020 025 050 026 008 031 054 015 032 033 081 032 005 029 033 003 016 016 048 019 006 026 020 000 000 000 038 013 000 022 044 004 006 006 072 018 001 027 255 255 0 
17 12 17.957 095 096 095 094 105 108 097 126 106 059 059 060 117 078 065 079 109 037 055 061 077 060 041 050 057 001 001 001 041 015 001 025 006 004 035 034 087 033 014 038 008 006 014 017 061 022 005 025 000 000 000 000 034 013 000 020 035 008 014 018 067 024 008 031 255 255 0 
17 12 18.061 097 099 099 096 101 109 101 128 083 062 061 063 121 077 064 076 047 037 051 052 084 057 041 050 002 002 003 005 044 017 002 024 006 005 007 009 067 020 005 031 010 003 009 010 063 023 006 027 000 000 000 000 034 012 000 019 001 001 007 009 052 018 004 029 255 255 0 
17 12 18.061 089 101 100 097 098 106 098 121 069 075 073 074 121 087 074 087 045 037 046 045 091 056 038 049 003 000 003 005 041 016 001 024 043 012 026 008 056 021 008 031 053 008 015 017 070 024 006 031 051 000 000 000 029 011 000 020 041 005 007 008 042 020 005 031 255 255 0 
17 12 18.182 097 095 097 096 092 102 095 121 060 069 065 069 102 086 072 085 061 040 057 052 098 063 045 058 060 000 000 001 033 015 001 022 044 005 009 010 045 022 004 030 048 009 021 020 076 029 008 032 035 000 000 000 033 011 000 019 007 004 007 006 047 018 004 028 255 255 0 
17 12 18.182 085 091 085 086 089 092 090 113 082 086 095 096 109 103 090 102 045 041 047 047 103 055 041 054 004 001 002 002 035 014 002 022 004 001 004 004 044 018 002 025 018 007 018 017 071 026 008 031 000 000 000 000 044 014 000 018 016 010 015 015 047 025 010 031 255 255 0 
17 12 18.182 090 090 087 083 082 090 088 105 089 080 076 077 092 090 083 098 081 046 054 055 106 065 048 061 059 000 000 002 048 016 000 020 037 002 005 006 044 019 003 027 048 012 028 028 079 034 015 038 051 000 000 000 057 016 000 020 038 001 003 013 045 023 007 028 255 255 0 
17 12 18.285 086 093 086 086 105 094 094 115 071 076 075 075 086 087 076 090 048 045 053 062 110 071 048 060 001 001 002 002 058 017 001 021 002 001 003 003 040 016 002 025 016 005 015 014 063 025 006 032 000 000 000 000 055 017 000 024 004 002 004 005 038 016 003 025 255 255 0 
17 12 18.285 086 097 086 086 121 099 095 119 078 079 080 079 091 088 078 091 054 048 056 056 091 067 050 064 001 001 002 002 061 016 002 024 032 011 030 028 047 028 012 032 020 006 018 017 049 023 006 034 000 000 000 001 062 015 000 025 007 003 006 006 042 017 003 024 255 255 0 
17 12 18.403 090 095 091 089 125 105 096 115 073 077 079 079 088 085 078 090 054 046 052 052 079 065 047 062 003 001 002 002 063 018 001 025 041 012 029 028 045 027 012 032 013 004 011 011 044 021 005 029 000 000 000 000 063 016 000 026 004 002 004 004 052 016 002 022 255 255 0 
17 12 18.403 079 095 080 082 125 105 098 123 073 084 080 081 077 091 088 089 046 047 050 051 070 065 050 063 002 002 001 002 066 017 001 026 032 012 029 027 060 028 012 031 029 011 031 029 053 028 012 035 000 000 000 000 063 018 000 026 005 002 005 005 063 018 002 024 255 255 0 
17 12 18.503 088 100 090 092 136 109 104 128 072 079 074 076 094 087 079 086 057 051 060 059 072 067 052 060 001 002 003 003 068 021 002 029 032 012 031 031 073 031 013 032 023 010 023 009 042 026 010 027 006 000 000 000 052 017 000 027 039 003 005 005 064 019 003 027 255 255 0 
17 12 18.503 099 108 101 101 142 120 107 133 078 079 075 076 103 088 080 080 071 049 060 062 074 069 051 056 052 005 006 006 067 022 005 032 081 011 030 027 074 034 014 033 053 004 009 009 040 019 004 026 037 000 000 000 046 018 000 026 029 003 006 007 072 021 003 028 255 255 0 
17 12 18.620 090 107 099 098 128 115 106 133 099 075 070 071 116 086 076 088 081 053 065 065 069 070 055 062 038 002 003 004 055 021 002 029 064 014 032 031 087 035 013 036 048 004 010 009 035 017 003 024 028 000 000 000 040 014 000 025 025 002 004 006 075 020 003 029 255 255 0 
17 12 18.620 090 100 090 091 113 108 099 131 065 072 067 067 112 081 076 092 065 047 052 053 062 062 047 056 018 004 006 005 049 019 004 031 039 012 031 032 084 033 013 037 010 003 009 008 045 020 003 023 000 000 000 000 037 014 000 023 003 002 003 004 067 019 002 028 255 255 0 
17 12 18.720 099 107 101 102 114 113 108 132 068 077 072 073 120 086 078 096 066 051 069 068 082 070 056 058 006 005 007 007 050 022 006 032 040 014 030 031 088 037 014 039 011 003 009 009 057 022 004 024 009 000 000 000 034 014 000 022 019 003 005 005 063 021 004 030 255 255 0 
17 12 18.720 089 102 092 092 101 108 103 131 080 072 065 065 114 083 075 092 070 053 062 067 097 071 055 058 014 002 003 002 039 019 003 025 037 012 030 031 082 035 014 036 021 008 019 019 069 028 007 029 007 000 000 000 033 015 000 021 013 002 003 003 050 021 002 028 255 255 0 
17 12 18.720 085 103 096 095 102 109 103 128 077 075 068 067 114 085 075 094 072 054 061 061 105 074 055 060 023 002 003 003 039 019 002 026 050 011 029 029 065 033 011 036 039 005 012 012 066 026 005 029 011 000 000 000 028 015 000 020 018 001 003 003 042 020 001 026 255 255 0 
17 12 18.841 080 105 095 095 103 112 107 125 078 075 066 067 103 087 076 093 084 051 055 058 100 074 057 060 052 001 003 003 038 019 003 023 051 009 026 025 051 033 010 033 055 005 013 013 076 029 005 029 021 000 000 000 036 016 000 019 023 003 006 005 046 022 003 027 255 255 0 
17 12 18.841 084 104 091 093 097 104 106 120 077 074 062 065 088 081 076 092 086 057 066 066 115 081 057 064 040 002 003 005 043 021 005 026 033 010 026 022 055 031 010 033 027 009 024 022 084 033 010 034 025 000 000 000 050 017 000 018 022 002 004 004 041 019 003 025 255 255 0 
17 12 18.941 088 103 092 093 095 104 104 115 067 071 062 064 075 079 073 092 063 054 066 067 117 078 055 068 004 003 004 003 052 020 001 020 004 001 024 024 045 031 011 032 019 006 017 017 073 031 007 034 000 000 000 000 059 020 000 020 006 003 006 005 044 021 003 026 255 255 0 
17 12 18.941 096 107 096 098 113 107 107 119 064 076 068 070 088 082 078 093 053 048 059 059 109 072 048 060 004 003 004 004 062 021 004 026 009 002 009 010 041 020 003 026 029 011 027 026 065 034 011 036 000 000 000 000 059 019 000 023 006 003 006 005 038 020 004 025 255 255 0 
17 12 19.058 091 105 093 094 131 109 106 119 090 076 066 067 076 082 080 090 058 046 052 055 098 070 050 065 049 004 005 005 063 023 004 025 026 003 007 007 045 020 003 025 045 011 027 026 055 033 012 037 060 000 000 001 067 021 000 024 028 002 004 003 039 020 002 024 255 255 0 
17 12 19.058 102 115 107 109 143 126 116 133 088 074 066 069 078 083 077 087 077 053 057 058 081 073 056 066 038 003 004 004 071 023 003 028 051 009 024 022 048 026 011 029 048 009 022 021 052 030 008 032 015 000 000 001 066 020 000 025 005 002 004 004 057 018 002 021 255 255 0 
17 12 19.158 099 106 098 100 139 118 106 128 063 074 065 065 068 077 074 079 069 055 060 060 078 074 058 066 014 003 004 005 072 024 004 029 071 008 023 021 060 030 011 026 037 004 010 007 048 022 003 026 027 000 000 000 065 021 000 025 035 001 002 003 060 020 001 022 255 255 0 
17 12 19.158 100 109 106 105 144 120 109 135 126 075 074 073 088 080 077 081 082 061 066 065 073 072 061 067 023 004 005 006 075 026 004 031 057 011 029 026 073 032 011 029 044 004 011 010 041 022 004 027 000 000 000 000 056 020 000 026 027 001 003 002 063 022 002 024 255 255 0 
17 12 19.274 090 105 095 098 138 116 105 134 067 074 072 069 108 086 077 082 076 055 057 053 065 068 061 066 049 004 005 004 064 023 002 030 047 010 025 018 072 030 007 030 055 004 012 009 040 020 004 026 000 000 000 000 046 019 000 025 037 002 003 004 072 022 001 026 255 255 0 
17 12 19.274 103 107 105 106 132 118 106 135 070 078 072 075 114 089 079 087 061 053 062 057 064 067 055 062 021 007 008 006 058 024 006 033 050 012 031 024 080 033 011 034 036 003 009 007 043 018 006 027 000 000 000 000 039 018 000 025 002 001 002 011 073 021 001 026 255 255 0 
17 12 19.274 098 105 101 100 122 115 105 133 065 076 070 136 125 090 081 089 077 054 061 076 061 067 056 059 038 002 003 026 049 024 005 031 059 011 027 072 089 036 011 035 049 002 005 037 055 021 007 027 028 000 000 011 043 019 000 023 026 003 006 048 074 025 004 031 255 255 0 
17 12 19.394 086 103 094 092 110 113 107 134 079 075 067 120 127 093 079 091 075 057 062 066 077 070 060 061 011 002 002 002 044 021 004 030 056 012 029 064 088 036 012 037 047 007 019 038 073 028 007 027 021 000 000 014 046 017 000 021 003 001 004 040 068 024 003 030 255 255 0 
17 12 19.394 088 110 106 104 105 112 111 139 086 077 070 082 122 092 079 093 110 061 069 063 098 075 062 064 049 003 004 002 040 020 003 027 055 011 029 062 089 034 011 035 067 005 012 017 067 024 004 026 036 000 000 018 041 016 000 020 002 001 003 032 055 023 002 027 255 255 0 
17 12 19.511 101 112 103 066 092 109 111 135 073 080 076 089 124 094 083 096 066 058 065 104 108 077 057 060 006 005 006 027 045 021 004 029 035 010 027 056 068 034 012 037 011 005 012 019 067 024 005 030 000 000 000 000 030 016 000 021 006 000 002 002 043 020 001 026 255 255 0 
17 12 19.511 089 106 098 097 100 109 109 129 102 085 082 088 112 097 087 102 090 059 066 130 116 075 056 064 055 003 004 030 047 019 005 029 049 010 027 036 058 032 011 035 068 002 007 084 082 024 004 030 066 000 000 059 044 015 000 020 038 005 009 020 047 023 005 030 255 255 0 
17 12 19.511 099 109 103 089 090 107 111 131 069 081 072 049 084 086 081 092 061 053 061 096 109 073 055 065 030 002 003 038 046 017 001 021 049 010 030 036 055 031 011 033 021 002 007 076 076 023 003 027 016 000 000 109 066 014 000 017 032 002 003 025 040 017 001 024 255 255 0 
17 12 19.614 088 101 095 132 100 102 102 122 077 079 075 048 077 087 082 090 066 048 055 110 118 067 049 059 025 001 001 084 063 017 001 020 036 009 027 029 051 027 009 030 022 002 007 059 078 022 002 028 042 000 000 111 076 017 000 019 010 001 002 024 038 016 001 022 255 255 0 
17 12 19.614 104 096 090 146 115 103 095 118 086 074 067 042 068 081 078 086 088 050 055 083 112 070 051 060 054 000 001 097 071 020 000 020 051 009 027 031 053 029 009 028 044 002 008 038 066 023 003 027 040 000 000 100 072 019 000 021 033 000 002 043 042 016 001 021 255 255 0 
17 12 19.731 101 094 089 154 133 107 096 112 081 072 068 050 070 080 075 083 077 051 057 065 096 069 052 064 071 002 002 099 078 020 001 021 052 009 026 041 046 028 010 028 022 002 007 036 057 022 003 028 028 000 000 087 085 019 000 023 028 001 006 062 051 019 004 025 255 255 0 
17 12 19.731 092 098 093 156 144 108 094 116 090 074 064 056 064 073 075 087 053 054 055 049 081 067 056 069 004 003 004 100 082 018 000 023 050 011 027 072 052 026 011 030 026 003 008 026 048 021 004 027 018 000 000 070 078 020 000 025 044 003 005 098 066 019 002 022 255 255 0 
17 12 19.829 100 099 096 150 154 114 099 123 072 075 063 076 069 076 075 088 066 053 050 040 066 064 055 068 011 001 002 081 081 022 003 028 043 009 025 082 061 026 009 027 031 006 015 032 047 024 007 032 036 000 000 055 078 020 000 023 061 005 008 075 076 023 005 024 255 255 0 
17 12 19.829 096 099 100 145 152 113 098 120 100 072 064 105 090 077 077 085 081 054 055 042 065 065 056 064 020 002 002 058 075 023 004 028 055 010 026 095 082 029 010 028 012 005 012 026 045 022 006 026 000 000 000 037 067 018 000 023 004 003 005 090 077 021 002 024 255 255 0 
17 12 19.946 097 096 099 110 150 115 098 120 061 073 065 122 108 082 075 083 053 052 058 035 062 066 058 066 008 004 006 050 072 024 006 031 060 011 025 100 084 031 012 030 038 004 011 024 041 021 006 026 000 000 000 027 058 019 000 023 003 002 002 089 081 022 002 025 255 255 0 
17 12 19.946 086 099 097 087 139 115 099 125 073 073 063 131 121 083 075 085 053 044 043 038 061 058 048 057 026 004 004 035 059 022 009 033 056 011 030 111 094 033 012 034 040 005 013 054 051 021 006 026 021 000 000 023 051 017 000 025 010 002 003 079 079 021 003 028 255 255 0 
17 12 19.946 092 098 098 072 114 112 098 122 059 072 065 134 127 086 075 091 069 047 045 066 054 058 049 058 028 003 004 030 053 021 004 028 055 011 026 098 093 031 011 033 035 005 012 074 058 022 006 025 000 000 000 019 046 016 000 022 010 005 009 061 079 024 003 029 255 255 0 
17 12 20.048 089 101 099 058 101 111 101 127 085 073 063 133 129 081 073 086 063 045 046 084 074 058 047 058 033 007 007 030 053 019 006 032 048 009 023 075 087 027 008 035 043 008 019 072 066 023 006 026 000 000 000 017 040 013 000 020 002 002 003 044 065 018 002 026 255 255 0 
17 12 20.048 099 101 103 078 110 112 102 126 063 074 069 113 125 089 078 095 048 046 048 083 086 060 047 055 006 002 002 022 047 017 007 028 000 000 000 035 068 017 000 023 023 009 020 064 072 023 007 029 000 000 000 014 042 010 000 019 002 000 001 029 059 014 001 024 255 255 0 
17 12 20.165 097 094 100 094 106 104 093 113 061 071 066 088 114 082 074 089 055 049 054 078 101 063 049 055 002 001 002 014 044 012 000 021 000 000 000 023 063 020 005 027 024 005 014 044 077 021 006 027 012 000 000 013 040 013 000 018 007 001 002 020 049 016 001 024 255 255 0 
17 12 20.165 085 088 091 085 096 097 088 104 068 071 066 081 105 082 072 083 056 045 050 074 099 061 049 057 007 000 001 013 042 013 000 018 005 000 001 025 051 019 004 025 024 006 018 031 081 024 006 027 004 000 000 000 038 013 000 017 004 001 002 002 042 015 002 022 255 255 0 
17 12 20.263 091 091 085 087 094 099 090 104 066 068 064 065 086 082 070 086 049 048 052 053 106 064 049 060 013 002 003 003 038 016 002 021 011 000 000 016 045 020 006 028 033 005 016 017 071 026 006 027 012 000 000 000 048 013 000 016 008 001 002 002 039 017 002 023 255 255 0 
17 12 20.263 086 089 085 082 080 089 089 104 067 069 067 072 077 081 073 083 061 050 054 064 106 069 052 064 019 002 002 002 050 016 000 017 019 007 019 025 046 023 007 026 021 007 018 036 079 023 006 029 000 000 000 025 063 014 000 017 005 002 005 017 039 016 003 022 255 255 0 
17 12 20.381 084 089 083 095 108 096 088 099 075 074 073 069 084 083 076 086 071 049 053 076 112 065 052 064 025 001 002 027 062 015 000 017 037 007 018 026 044 022 006 025 036 005 014 034 064 024 005 026 036 000 000 021 066 016 000 019 024 001 002 012 036 016 001 020 255 255 0 
17 12 20.381 083 091 083 105 120 098 090 104 061 072 067 067 076 079 075 086 050 052 053 074 099 068 054 068 003 001 001 026 065 016 000 018 022 006 018 021 047 021 007 025 017 004 016 028 056 021 005 027 011 000 000 026 070 013 000 019 022 002 002 016 036 012 001 018 255 255 0 
17 12 20.381 083 090 082 103 132 100 089 106 079 077 074 071 082 081 077 084 068 053 054 067 084 065 055 066 017 001 002 038 076 015 001 021 042 007 019 034 045 020 007 024 034 006 017 027 049 021 007 027 022 000 000 061 078 016 000 020 021 001 003 005 054 014 001 017 255 255 0 
17 12 20.484 088 091 087 112 133 103 092 114 079 077 080 077 079 083 077 085 057 053 054 045 073 064 054 065 009 001 002 077 082 019 001 021 033 007 021 076 063 021 007 023 022 005 015 030 053 020 005 025 008 000 000 051 074 016 000 021 017 002 003 079 076 017 001 018 255 255 0 
17 12 20.484 085 090 083 134 142 105 090 114 076 073 072 107 097 080 074 081 057 052 052 037 068 064 053 064 010 002 003 058 073 017 003 025 034 007 020 086 080 021 007 024 021 005 014 029 049 018 005 024 010 000 000 038 062 015 000 022 014 003 005 098 071 017 003 023 255 255 0 
17 12 20.603 088 092 086 114 137 104 092 119 078 075 078 133 118 086 076 082 061 054 056 042 063 065 055 065 011 001 002 039 070 017 002 026 034 007 019 051 071 022 008 025 024 004 012 019 044 019 005 025 008 000 000 016 050 015 000 023 014 002 004 046 077 018 002 024 255 255 0 
17 12 20.603 086 092 088 102 131 106 092 120 076 075 079 102 125 090 078 087 087 055 055 059 067 065 058 063 050 002 002 007 055 017 002 025 049 001 001 032 071 025 008 028 055 005 014 015 044 018 005 025 022 000 000 005 046 014 000 022 027 002 004 014 073 021 003 025 255 255 0 
17 12 20.701 086 094 088 098 113 105 095 123 097 077 078 127 133 092 078 089 074 054 058 063 063 063 055 063 026 002 003 024 046 017 003 025 026 000 000 013 066 017 000 022 021 005 016 033 053 021 005 022 000 000 000 013 047 013 000 021 004 002 004 043 073 018 002 027 255 255 0 
17 12 20.701 085 089 085 085 099 099 090 117 073 076 079 096 125 090 076 090 054 051 055 064 069 064 056 062 003 002 003 003 044 018 004 027 003 001 021 022 080 025 008 029 021 005 014 021 064 019 005 022 001 000 000 000 035 012 000 019 007 002 003 005 062 018 003 026 255 255 0 
17 12 20.817 075 084 075 078 094 094 086 116 079 078 076 094 134 092 078 091 056 041 045 060 084 056 044 051 011 003 003 011 043 017 004 025 038 006 019 056 079 023 007 031 041 005 014 033 067 021 005 025 013 000 000 015 047 012 000 019 012 002 003 022 057 017 002 026 255 255 0 
17 12 20.817 081 090 083 080 085 097 090 111 068 073 074 073 121 087 075 088 048 045 048 053 096 059 046 056 004 005 007 007 044 018 009 030 023 007 020 023 065 022 008 031 019 006 016 019 069 022 007 029 001 000 000 000 028 012 000 018 004 002 004 004 043 017 003 025 255 255 0 
17 12 20.916 089 092 088 086 095 100 091 112 075 077 079 079 114 092 081 091 050 046 050 052 098 064 048 056 002 001 004 004 036 016 004 024 025 007 022 023 057 024 008 030 022 007 018 020 076 024 007 029 000 000 000 000 037 012 000 018 004 002 004 004 043 018 003 025 255 255 0 
17 12 20.916 089 092 088 086 092 098 093 113 069 074 076 076 099 088 076 087 064 046 052 054 104 064 049 057 020 004 005 006 040 017 005 023 036 007 020 020 050 024 008 027 035 006 018 021 075 026 007 029 015 000 000 009 048 014 000 016 014 003 005 004 042 017 003 023 255 255 0 
17 12 21.033 089 094 086 085 087 100 094 113 086 078 083 082 092 091 080 089 051 045 050 054 104 063 047 059 005 003 004 018 053 017 002 021 013 001 001 015 047 022 007 030 032 007 021 051 081 026 008 032 016 000 000 033 062 013 000 018 011 001 002 016 037 015 002 022 255 255 0 
17 12 21.033 090 092 090 101 110 103 092 110 064 071 073 068 083 083 074 082 051 047 048 076 104 062 048 059 017 002 005 048 064 016 004 023 010 000 001 022 048 021 007 027 026 005 014 040 063 024 007 031 018 000 000 044 069 017 000 020 018 003 005 015 042 017 003 023 255 255 0 
17 12 21.033 094 093 092 091 126 108 093 111 072 071 071 070 082 078 071 083 052 046 048 050 089 062 048 060 020 004 005 006 062 021 004 023 013 000 001 017 041 021 006 025 035 008 022 022 056 025 008 030 016 000 000 001 064 017 000 022 017 003 004 003 040 016 002 022 255 255 0 
17 12 21.136 095 097 096 096 127 114 096 110 068 072 066 066 074 077 074 080 059 048 051 052 079 064 050 060 016 003 003 006 072 019 002 025 013 001 003 001 034 015 001 019 029 006 017 017 046 024 008 030 012 000 000 001 068 017 000 024 014 002 004 004 054 017 002 020 255 255 0 
17 12 21.136 093 094 094 093 138 111 094 119 074 072 066 068 072 074 073 077 062 047 052 061 074 063 051 062 012 002 003 031 074 020 002 027 015 002 019 021 051 016 002 020 029 006 017 022 049 023 006 027 014 000 000 037 068 016 000 023 015 001 003 031 067 017 002 020 255 255 0 
17 12 21.253 094 094 096 113 142 116 095 122 073 072 068 078 089 077 074 078 062 050 053 057 066 062 051 060 017 002 003 044 076 024 004 028 023 003 007 028 062 022 002 021 025 005 013 013 046 025 007 028 001 000 000 005 058 018 000 024 016 002 003 009 059 021 002 022 255 255 0 
17 12 21.253 095 096 097 107 141 117 096 120 065 074 069 074 096 079 074 078 056 051 054 060 068 065 057 061 006 002 002 007 064 021 003 028 007 002 006 006 064 021 002 022 019 006 017 019 044 023 006 026 000 000 000 017 050 019 000 023 003 001 002 031 076 021 002 024 255 255 0 
